Used Theory,Total Unique Positives,Total Unique Negatives,Default Accuracy,# Clauses,Mean # Literals,T+,T-,Similarity of T+,Similarity of T-,Similarity of T_MF,Similarity of T_Comp,Similarity of T_MDL,Similarity - Common,Overlap Size,MF Theory,Comp Theory,MDL Theory,Compression of T+,Compression of T-,DL of T+,DL of T-,# Sampled Positives,# Sampled Negatives,# Unique Sampled Positives,# Unique Sampled Negatives
"[[7, -1, -5, 9, -8, -14, -12, -4, 3, -10, -2, -6, 13], [6, -7], [9, -8, -13, 14], [-14, 7, -12, 11, -1, 8, -6, -2, -9, 3, 10, 4], [-9, -6], [-10, 9, -14, 5, 8, -2, 7, 3, 11, 13, -12, -1, -4], [-9, 5, -14, -4, 11, -7, 13, 10, -12, 3, -1, 2], [14, -12, -4]]",6588,9796,0.597900390625,8,7.625,"[[-6, -9], [-4, -12, 14], [-8, 9, -13, 14], [-7, 6]]","[[4, 8, 11, -13, -7, -6], [10, 11, 13, -2, -7, -6, -5, -1], [3, 8, 12, 14, -13, -10, -7, -6, -4], [1, 10, 11, -14, -13, -7, -4, -3, -2], [1, 2, 8, 10, 13, -12, -7, -6, -4, -3], [1, 2, 3, 13, -8, -7, -5], [9, -6, -4], [7, -2, -1], [9, 4, 13], [13, 6, -9], [6, 8, -14, -10, -9], [2, 9, 10, -11, -3], [-14, 11, -10], [3, 4, 5, -2], [-14, -5, 4, 12], [5, -12, -6, -3, -2], [1, 3, 5, 9, -6, -7, 14], [-8, -14, 2, -13], [1, -13, -11, 7], [-8, 9, -6, 11, 12, -3, -1], [-3, 2, -8, 11, 12, 13], [4, -12, 14], [-5, -12, -3, 14], [11, 5, -10], [8, 12, 14, -2], [-13, -10, -8, -7, -6, -5, -4, -1], [2, 3, 6, 9, -14, -12, -11, -1], [13, 12, 5], [3, 13, 7], [10, 11, -14, -12, -9, -8, -5, -4, -3, -1], [2, -14, -13, -11, -9, 10, -4], [2, 5, -9, 8, -7, 11, -1], [-13, 6, 7], [1, -8, 10, 12, -3], [8, 9, -5]]",0.999755859375,0.50592041015625,0.50592041015625,0.999755859375,0.999755859375,0.9995176655010249,0.50616455078125,T-,T+,T+,0.9927750217835238,0.7431401182255912,140.4825078566258,4994.384658093023,220,180,220,180
"[[-2], [14, -10, -2, 7, -12, 6, -13, -1, -5, -11], [-4, 2]]",4096,12288,0.75,3,4.333333333333333,"[[11, -4], [4, -2, 7], [-4, -11], [-7, -2]]","[[4, 8, 11, -13, -7, -6], [2, 13, -12, -11, -9, -7, -5], [5, 8, 9, 11, 14, -12, -10, -7, -1], [3, 5, 7, 8, 9, 11, -14, -13, -10], [9, 10, 11, 12, 14, -13, -8, -7, -3, -1], [10, 11, 13, -14, -12, -9, -8, -6, -5, -3, -1], [3, 4, 7, 8, 10, 12, 13, -6], [3, 6, 7, 9, 11, -14, -12, -10, -1], [3, 8, 9, 10, 13, 14, -12, -5], [1, 2, 3, 13, -8, -7, -5], [-14, 2, 4], [-8, 4, 14], [-8, -7, 2, 5], [-5, -12, -11, 14], [2, 12, -9], [2, 3, 7, -12, -9], [2, 14, -10, -9, -6], [8, -10, -6, -5, -1], [1, 4, 9, -5, -3], [2, 9, 10, -12, -6, -3, -1], [4, 11, -9, -6, -1], [3, 5, 14, -12, -9], [2, 12, -7, -6, -3], [8, 2, -13, 7], [6, 10, 11, -12, -9, -8, -7, -1], [9, -14, 3, 13], [1, 4, -11, -7], [3, 9, 10, 12, 14, -13, -8, -6, -5, -4], [4, 5, 13, -12, -11, -9, -3, -2], [8, 2, 6]]",1.0,0.6123046875,1.0,1.0,1.0,1.0,0.6123046875,T+,T+,T+,0.9963707817802474,0.811786812256375,70.56653484534101,3659.618040870704,137,263,137,263
"[[9], [-2, 12, -7, -4, 5, 6, -8, 13, -10, -14], [-8], [14, 9, -5, -11, 6, -7, 12, -2, -8, -1]]",4096,12288,0.75,4,5.5,"[[-8, -3, -2], [-8, -12, -9], [-8, 2, -13], [-8, -4, -11], [-8, 4, 12, 7], [-8, 14], [-8, 13], [9, -14], [9, 14]]","[[4, 8, 11, -13, -7, -6], [1, 3, 5, 7, 12, 13, -14, -11, -6, -4, -2], [4, 7, 14, -13, -12, -11, -10, -6, -5], [1, 2, 7, 10, -13, -12, -11, -4], [1, 2, 5, 6, 14, -13, -12, -7, -4, -3], [10, 11, 13, -2, -7, -6, -5, -1], [2, 3, 4, 6, 8, -14, -7, -5, -1], [2, 4, 11, 13, -14, -12, -10, -3, -1], [3, 4, 7, 11, -2, -9, -5, -1], [1, 2, 3, 5, 6, 8, 12, 13, 14, -7], [1, 2, 3, 4, 6, 12, 13, -11, -7], [7, 8, 13, 14, -12, -11, -6, -5, -3, -1], [2, 5, 12, 13, -11, -10, -7, -6, -3], [8, -9], [5, -14, -12, -1, -2], [1, 11, -14, -7, -2], [4, 6, -11, -5, -3], [3, 8, 14, -13, -4], [1, 13, -12, -7, -6], [-7, 12, -10, -1], [10, 5, 4, 13], [8, -7, 4, 14], [-4, 12, 6, -9], [7, 10, -9, -6, -4, -2], [3, 2, -5, -9], [10, 8, -6, 3], [3, 4, 6, 10, 11, -14, -13, -7], [2, -6, -1, -9], [2, 13, -9], [3, 11, -12, -10, -2, -7, -5, -4, -1]]",0.99609375,0.65869140625,0.99609375,0.99609375,0.99609375,0.9959319526627219,0.66015625,T+,T+,T+,0.9916421031651024,0.8772704120444952,162.51098239933796,2386.3546418564188,150,250,150,250
"[[-5, 7, -12, -13, 2, 1, -4, 6, -3, 10, 14, 9], [-8, -9, 14], [8], [1, -13, 7, 4, -9, 2, -3, -14]]",6110,10274,0.6270751953125,4,6,"[[14, -9], [8]]","[[4, 7, 14, -13, -12, -11, -10, -6, -5], [1, 2, 7, 10, -13, -12, -11, -4], [1, 2, 5, 6, 14, -13, -12, -7, -4, -3], [1, 2, 3, 4, 12, -9, -6, -5], [-8, 9, -5], [-8, -7, 6], [-8, -1, 7], [3, 4, -2, 7], [1, 13, -3, 6], [-11, 5, 9], [1, 10, -13, -7], [11, -4, 13, -10], [10, -8, -6, -5, -3], [-5, 13, 6], [-8, 4, -3], [1, 3, 6, 7, -13, -12, -11, -9, -5], [1, 4, 5, 13, -12, -10, -7, -3], [4, -5, -7, 10, 11, 13, -1], [-8, 1, 2, -7], [2, -12, -9, -7, -5], [1, 3, 4, 6, -12, -10, -9, -7], [4, 5, 12, -14, -1, -9, -7, -6, -2], [-3, -11, -10, 6], [-8, -12, -10], [2, -14, 11], [1, 3, 4, 5, -7, -2], [2, -12, -9, -7, 10, -1], [-6, -4, -2], [13, 12, -11], [3, -12, 6, 7, -10, -2], [9, -3, -1]]",0.9979248046875,0.4993896484375,0.4993896484375,0.9979248046875,0.9979248046875,0.9958617332035054,0.50146484375,T-,T+,T+,0.9950873075996373,0.7571246787423904,95.5224123938925,4722.468802597077,204,196,204,196
"[[-2, 10, -11, 4], [11, -2, -1, 5, -8, 13, 14], [-4]]",7104,9280,0.56640625,3,4,"[[10, -11, -2], [-4]]","[[2, 3, 14, -11, -10, -9, -7, -6, -5, -1], [5, 6, 10, 11, -14, -9, -8, -7, -3, -2], [5, 8, 9, 11, 14, -12, -10, -7, -1], [3, 5, 8, 10, 11, 12, 13, 14, -6, -2], [2, 3, 7, 8, 9, 10, -14, -13, -11, -5], [1, 9, 14, -13, -12, -10, -8, -6, -2], [7, 10, 11, -13, -9, -8, -6, -5, -3, -2], [2, 7, 11, 12, -14, -9, -6, -1], [1, 2, 3, 12, 13, 14, -11, -10, -9, -6, -5], [4, -2, 7], [-8, 3, 13], [2, 4, -9], [5, 10, -13, -12, -8], [9, -14, -10, -1], [-14, 11, 5, -10], [9, 13, -11, -1], [-7, 2, 12, -3], [-6, -13, 4], [10, -5, 13], [2, 3, 5, 9, -13, -8, -6, -4], [5, 13, -12, -10, -6, -4, -3, -2], [-14, -11, 8, 9, -5, -4, -2], [1, 4, -7], [8, -13, -10, -1], [-13, -12, -10, -5, -2, 11, 14], [-3, 6, -8, 9, 13], [-6, -14, -3, -9], [1, 2, 5, 7, 8, 9, 14, -13, -10], [-5, -12, -11], [1, 2, 5, 8, 14, -10, -9, -6], [-8, -13, 12, -3], [3, 9, 10, 14, -11, -6, -5, -4], [5, 6, 7, 13, -9, -8, -4, -2], [4, -3], [8, 4], [8, 2, 6], [5, 10, 12, -14, -13, -9, -7, -2]]",0.99609375,0.57763671875,0.57763671875,0.99609375,0.99609375,0.9932829554995802,0.58154296875,T-,T+,T+,0.9980849728617663,0.7589888536436936,37.23579600268731,4686.2217777103815,212,188,212,188
"[[-10, 1, -12, 14, -8, 11], [-5, -6, 13], [1, 14, 5, 3, 11, -12, 6, 4, 9, 2], [9, -8], [-6, -2, 8, -13, 12, 7, 1, 3, -9, 11, -5, -14, -4], [-7, 2, -6, 4], [-2, 14, 12, 1, -9, -8]]",9836,6548,0.600341796875,7,6.285714285714286,"[[-6, -5, 13], [2, 4, -9, -7, -6], [-8, 1, 14, -2], [-8, 9]]","[[4, 8, 11, -13, -7, -6], [-3, -2, -1], [-14, 11, -9], [2, -4, -11], [8, 3, -4], [-6, 5, 13], [4, -12, -9], [-7, -11, -2], [1, -5, -11, 7], [12, 14, 6], [-7, -4, 13], [10, -13, -9], [2, 13], [-7, -1, -10, 14], [1, -14, 11, -2], [2, -14, -5, -13], [7, 10, -6, -3, -2], [-12, 5, 14], [-14, 10, -4, 6], [8, 9], [-1, 7], [1, 2, -9, -7, -6, -5, 12], [3, 4, 7]]",0.974365234375,0.62261962890625,0.62261962890625,0.974365234375,0.974365234375,0.9760537330867322,0.62701416015625,T-,T+,T+,0.9895384474965113,0.8072941585524207,203.4144723664822,3746.973219025229,307,93,307,93
"[[3, 2, -4, -8, 7, -6, 14, 1, 5, -12], [9, -10, -4, -1], [9], [10, -13, 3, -7, -14], [2]]",3968,12416,0.7578125,5,4.2,"[[2, -9], [9, 4, -3], [9, -5, -11], [1, 2, -7], [8, 9, 3], [1, 6, 9, 11, 13], [-8, -11, -10, 6], [9, -12, -10], [10, 2, 7], [9, -1], [9, -6], [-14, 2]]","[[3, 4, 6, 7, 13, 14, -10, -8, -5], [4, 7, 14, -13, -12, -11, -10, -6, -5], [10, 11, 13, -2, -7, -6, -5, -1], [3, 4, 7, 8, 10, 12, 13, -6], [1, 4, 8, 11, 12, -14, -7, -5, -2], [1, 5, 11, 13, 14, -10, -8, -6, -4, -3], [7, 8, 13, 14, -12, -11, -6, -5, -3, -1], [4, 5, 6, 8, 13, -12, -11, -9, -3], [-7, 14, -2], [1, 6, 7, 14, -11, -5, -3], [11, -14, -12, -6, -3], [6, 13, -8, -4, -2], [8, 3, 12, -4], [13, 4, -11, -2], [4, 5, 6, 10, 12, 14], [10, -12, -9, -8, -1], [1, 4, 5, 10, -12, -11, -8, -7], [1, 5, 9, 13, -12, -10, -7, -6], [1, 9, 10, 11, -14, -13, -7, -4], [-2, -9], [5, 8, 13, -12, -11, -10, -6, -3], [-5, -4, -9], [2, 7, 13, 14, -11, -8, -4, -1], [3, 5, -2], [4, 9, -6, 11, -7], [8, -13, -9]]",0.9656982421875,0.64337158203125,0.9656982421875,0.9656982421875,0.9656982421875,0.97815045519885,0.63690185546875,T+,T+,T+,0.9883906927371927,0.8219057321530726,225.731420897313,3462.8657184004924,140,260,140,260
"[[-1, -13, 8, 6, 3], [9, -1, 10, -2, -14, -11, -7, 8, -12]]",15844,540,0.967041015625,2,7,"[[3, 6, 8, -14, -13, -1]]","[[-3, -2, -1], [9, -6, -4], [-12, -9], [1, -11, 14], [-7, -13, 12], [8, 3, -5], [-3, 2, 13], [11, 5, -10], [-11, 5, -1], [1, -5, -3], [2, -4, -11], [-6, 11, 4], [-6, -5, -11, -10], [1, 5, -7], [2, -5, 12], [3, 13], [11, -9], [-8, 9]]",0.982666015625,0.9554443359375,0.9554443359375,0.982666015625,0.982666015625,0.9829081312052281,0.9713134765625,T-,T+,T+,0.9979133736988004,0.9745012582112618,40.57237087353907,495.7976462131894,397,3,397,3
"[[-1, 12, 3, 5, -9, 11, -6, 14, -4, 13, 10], [12, 2, -11, 3, -6, 7, 1, -5, -4, 10]]",16360,24,0.99853515625,2,10.5,nan,nan,nan,nan,nan,nan,nan,nan,nan,nan,nan,nan,nan,nan,nan,nan,400,0,400,0
"[[-1, -10], [-11, 2, 14, -10, -5, -3], [-9, 13], [-8, 6, 4, 14, -13, -2, -1], [-2, 13, 11, 9], [10, 7, -2, -12, 13, 11, 9], [12, 5, 2, 6, -14, -10], [10, 3], [12, 2, -14, 1, 5, 6, 11, -10, 13, -9, -7]]",5408,10976,0.669921875,9,5.222222222222222,"[[13, -9], [12, 14, -2, -5, -1], [2, 5, 6, 12, -14], [11, 13, -2], [10, 3], [-10, -1]]","[[6, -11, -9, -8, -7, -5, -4, -2], [4, 8, 11, -13, -7, -6], [2, 7, 11, 12, -14, -9, -6, -1], [-7, 2, 1], [8, -13, -9], [1, 2, 3, -9], [-13, 4, 12], [-7, -3, 12, -11], [8, 3, -10, -13], [-3, 11, 5, 6], [-8, 1, -6, -10], [10, 2, -12, -4], [-8, 10, -13, -9], [4, 5, 11, 14, -3], [-7, 5, 1], [-5, -12, -11, 7], [2, 3, 4, 8, 13, 14, -10, -7], [9, -6, -4, 5], [10, -3, -1], [8, -14, -5], [1, -11], [2, 6, -9, -7, 12, 14], [3, 4, 6, 7, -10, -5, 13], [-8, -3, 14], [9, -11, 13], [-12, -10, -2, -7, 11, -4, 14], [4, -12, -10, -9, -8, -6, 11], [-14, -13, -4]]",0.982421875,0.45928955078125,0.45928955078125,0.982421875,0.982421875,0.9839507823993581,0.45635986328125,T-,T+,T+,0.951019614716549,0.7540704780984616,952.3748244266509,4781.854693197824,207,193,207,193
"[[-10, 2, 13], [3, 13, -4], [-6, 7, -11, 1, 3], [12, -3, -10, -7, 5, 6, -2], [-8, -4, 6, -5, -14, -2], [-7, 3, 14, -12, 13, 4, 8, -10], [8, 1, -4, -5, 2, -11, 3, 12, -6, 7]]",12096,4288,0.73828125,7,6,"[[2, 13, -10], [3, -4, 13], [6, -14, -8, -5, -4, -3, -2], [8, 11, 13, 14, -10, -7, -2], [1, 3, 7, -11, -8, -6, -4]]","[[-3, -2, -1], [-13, -4], [-6, 10, 13], [4, 14, 6], [-12, -9], [9, -11], [-7, 12, -9], [-8, 6, -2], [-6, -9, 7], [1, 2, 3], [11, 5, -10], [10, 4, 5, -2], [1, 5, -7], [11, -9, -5], [11, 4], [-14, 2, 6], [9, -1, -2], [3, -12, 6, 8, 9, 10, 13], [-6, -5, 14]]",0.9658203125,0.73974609375,0.73974609375,0.9658203125,0.9658203125,0.9609250398724083,0.765380859375,T-,T+,T+,0.9920852733143077,0.8491177462932622,153.89398009120714,2933.7551971360786,342,58,342,58
"[[-10, -12, 7, -8, 2, 5, -6, 3, -11], [2, 7, -5], [-9, -2, -7, 11], [6, 10, -11, 3, -12, -2, 9, 4], [6, -8, 11, 1, -13, 5, -3, 14, -4], [-12, 11, -7, 1, 6, 13, 2, 5, 9, -3, 14], [12, -3, 9, 6, -13, -4, 10, 14], [1, 7, -14, -4, -2, -3, 6, 12, -8, -10, -5, -9]]",13124,3260,0.801025390625,8,8,"[[-7, 11, -2, -9], [1, 3, 5, -12, -11, -10, -9, -8, -6, -4], [2, -5, 7]]","[[-3, -2, -1], [-7, 2], [3, 5, 7], [10, -12, 13], [1, -11, 14], [-14, -10, 6], [9, 4, 12], [11, -1, -9], [13, 12, -4], [-7, -5, -2], [-8, 10, -13], [8, 3, 12], [-8, 4, 13], [2, -4, -11], [1, -14, 11], [-8, -4, -2, -9], [2, 3, 4, -9], [8, -11, -1], [-3, 13], [8, -13, -9], [9, -6], [-12, 14]]",0.988037109375,0.79937744140625,0.79937744140625,0.988037109375,0.988037109375,0.9869404393447573,0.80853271484375,T-,T+,T+,0.9949703938760354,0.898430465066676,97.79568334397246,1974.918478885544,366,34,366,34
"[[8, 14, -5, 13, -4, -6, -12, 1, -7, 9], [-10, -2, 14, -13, 6, 12], [6, -4, 13, -5, 11, 10, -7, 3, -12], [-8, 14, -2, 12, 11, 4, -10, -7], [3], [-3, 5, -6, -12], [4, 12, 5, -8, -9, 11, -13, 3, 2, 1, 10, -7, -14], [-11, 12, -13, 9]]",6528,9856,0.6015625,8,6.875,"[[5, -6, -12, -3], [9, -13, 12, -11], [3]]","[[-3, -1, -2], [2, -3, 6], [-8, -3, 14], [2, -4, -11], [-5, -12, -11], [2, 4, -3, -1], [8, -13, 6, -9], [1, 5, 10, -11, -7], [1, 10, -7, -4, -3], [-8, -13, -4, 6], [-3, -12, -11, -9], [1, 2, -11, 14], [-14, 6, -10, 8, 9, 12, -1], [-8, -5, -4, -2], [8, -7, 5, -1], [-11, 7, 9, 13, -2], [1, -13, 5, -10, 7, 8, -6], [9, -4, 13], [-14, 11, -9], [2, 4, 5, 9, 12, 13, -10, -1], [-13, 4, -12, 8, 11], [-7, -6, 12], [2, 6, 10, -5, 13, 14], [1, 9, 14, -13, -12, -11, -10, -8], [-6, 11, -2], [-14, -11, 8, 9, -4, -7, -2], [1, -5, 4]]",0.9921875,0.500732421875,0.500732421875,0.9921875,0.9921875,0.9853365384615385,0.5078125,T-,T+,T+,0.9966414231687185,0.752507378703806,65.3041825111144,4812.2476046241345,230,170,230,170
"[[6, -4, -14, -11, 8, 5, -3, 2, 1, -9, 10], [-12, 4, 13, 3, 14, -7, -6, 5, -9, 2, 10, -1, 11], [-7, -12, 4, 6, -5, -14, 1, -2, 8, 3], [1, 12, 11, -3, 6, 14, -8, 10, -9], [8, -7, -3, -6], [-7, -1, 14, -5, 9, -10, -8]]",15174,1210,0.9261474609375,6,9,"[[8, -7, -6, -3]]","[[-12, -9], [1, -11, 14], [9, 4, -3], [-13, 12, -9], [-8, -2, 6], [8, 3, -5], [2, 11, 13, -9], [2, -4, -11], [-14, 11, 5], [-6, 13, -3], [3, 6, -10, 7], [2, 4, 12], [1, -5, -7], [3, 13], [9, -7], [-6, -13], [-14, 2], [-2, -1]]",0.9886474609375,0.91632080078125,0.91632080078125,0.9886474609375,0.9886474609375,0.9877623527863675,0.92767333984375,T-,T+,T+,0.9983501074571492,0.9487362932261307,32.0805177772094,996.7717374146241,387,13,387,13
"[[-6, -4], [-1, -13, 3, -11], [10, 11], [-1, 5, -6, 7, -14, 10, -8, -9, 3, -12]]",8446,7938,0.5155029296875,4,4.5,"[[3, 5, 10, 14, -13, -12, -9, -8, -6, -1], [-6, -4], [10, 11], [3, 8, -14, -13, -1]]","[[1, 2, 3, 5, 9, -13, -8, -7, -6], [1, 2, 7, 10, -13, -12, -11, -4], [1, 3, 4, 5, 11, -14, -7, -6, -2], [-12, 4, -9], [2, -5, -11], [-7, 5, 6], [3, 13, 7], [-14, -4, 6], [-8, 12, 4], [8, 11, -13], [2, 5, -1], [8, 9, -5], [-7, 2, 12], [8, -12, -11, -1], [9, -11, 13], [-8, -4, -2, 6], [8, -14, 12, -9], [11, -9, -1, 7], [1, 2, 3, -5], [11, -12, -10], [-13, 4, 7, -6, -5, -1], [1, -11, 14], [-3, -2, -1], [1, 5, -11, -7, -6, 13]]",0.9591064453125,0.566162109375,0.566162109375,0.9591064453125,0.9591064453125,0.9457219805262067,0.5892333984375,T-,T+,T+,0.9942605244632801,0.7599920891023633,111.59838729221991,4666.714863089766,267,133,267,133
"[[-8, 1, 9, 10, -12, 5, -13, -4, -7], [11, -13, -4, 9, -14], [13, -4, 10, -11, -9, -6], [10], [-6, -5, -11, 13, 14, 8], [6, -1, -12]]",6816,9568,0.583984375,6,5,"[[7, 8, 13, 14, -12, -11, -6, -5, -3, -1], [2, 10], [-12, -1, -9], [-14, -12, 6, -1], [2, -13, -4, -1], [10, -2]]","[[4, 8, 11, -13, -7, -6], [3, 8, 12, -14, -9, -7, -5, -4], [2, 6, 11, 13, -14, -9, -8, -4, -1], [2, 3, 5, 6, 9, 13, -14, -11, -1], [3, 7, 8, 9, 13, -14, -12, -11, -1], [2, 7, 11, 12, -14, -9, -6, -1], [5, 7, 8, 9, 13, -11, -2, -1], [-7, 12, 14], [-14, 4, 12], [-8, 3, 13], [1, 5, -7], [8, -14, -5, 6], [-6, -4, 14], [-7, -11, -2], [1, 3, 12, -11], [4, 7, 11, -9, -2], [8, 11, -14, -12, -3], [1, 2, 3, -9], [3, 10, 11, 12, 14, -1, -5, -4, -2], [-7, -5, -12, 13], [2, 3, 7, 8, 9, 11, 14, -4, -1], [-8, -6, -4, -2], [11, 4, -3], [1, 7, 9, 12, 14, -13, -11, -8, -6, -5], [-9, -12, 5, 6, -11, 8, 13], [-10]]",0.922119140625,0.54656982421875,0.54656982421875,0.922119140625,0.922119140625,0.9415756181713628,0.53070068359375,T-,T+,T+,0.9638285004582383,0.7627419908198403,703.318794369981,4613.245762138091,217,183,217,183
"[[10, -4, -2, -9, -7, 5, 3, 11, -12, -1, -6, -8], [-6, -14, 4, 7, 3, -1, -10, -11, -13], [-6], [11, -4, 14], [-4, -10, 14, 5, 3, 7, 2, 11, 12, 8, -6, 13], [2, 5, 1, -8, -12, -13]]",7056,9328,0.5693359375,6,7.166666666666667,"[[1, 2, 5, 6, 10, -13, -12, -11, -9, -8, -7, -3], [11, -4, 14], [-6]]","[[2, 13, -12, -11, -9, -7, -5], [3, 4, 5, 7, 10, 13, -2], [2, 10, 11, 12, 13, 14, -9, -7, -5], [2, 5, 7, 8, 12, 13, -11, -10, -9, -4, -1], [2, 3, 4, 7, 8, 10, 14, -12, -9], [3, 5, 7, 13, 14, -11, -8, -4, -1], [3, 4, 7, 11, -2, -9, -5, -1], [1, 10, 11, -14, -13, -7, -4, -3, -2], [3, 8, 9, 10, 13, 14, -12, -5], [1, 2, 3, 13, -8, -7, -5], [2, 4, 11, 12, 13, 14, -8, -3], [1, 3, 5, 8, 9, 12, 14, -11, -4, -2], [1, 8, 9, -14, -11, -7, -5, -2], [8, 6, -9], [-7, 4, -11], [1, -11, -3, 14], [-8, 2, -5, 4], [-14, 11, 5, -10], [-5, -3, -2, -1], [8, 9, 10, 7], [1, 5, 9, 13, 14, -11, -7, -4], [-12, -10, -1], [1, 2, -13, -11, 14], [11, -7, -13, -1], [8, -14, -5, 12], [13, -11, -2, -1], [9, -14, -10, -1], [-11, 10, -4, -12], [7, 11, 13, -14, -9, -8, -5, -1], [13, 6], [-7, -13, -9], [2, 6], [3, 5, 7, 11, 12, 13, 14, -6, -4], [-8, -2, 6]]",0.993408203125,0.59033203125,0.59033203125,0.993408203125,0.993408203125,0.9889570552147239,0.596923828125,T-,T+,T+,0.9953900539003113,0.8248038804694974,89.63581200719405,3406.514109934277,232,168,232,168
"[[8, -6, 10, -3, 12, 5, 13, 7, -1, 4], [6]]",8176,8208,0.5009765625,2,5.5,[[6]],"[[2, 10, 11, 12, 13, -9, -7, -5], [2, 11, 12, -8, -5, -4, -3], [10, -12, -4, -3], [1, 2, 13], [-7, -13, 4, -11], [10, -5, 4, -1], [-11, 10, 13, -2], [-6, 4], [-11, -10, 8, -4, -3, -2], [5, -10, -9, 8, -4, 13], [11, -2, -10], [1, -13, 4, 5, -11, 10, -3], [-8, 12, -1, 7], [11, -5, -2], [1, -13, 4, -11, 6, -10, 9], [9, 11, -13], [2, -12, 7, 10, 13, -1], [-6, 7], [-6, -11], [-9, -13, -11, 7, -4, -2], [2, 3, -10], [-3, 7, 9, -5, -4, 13], [-8, 1, 13], [1, 3, 4, -11, -12, 9], [-7, 12, 5], [-7, -6, -1], [-3, 6, -9, 8, -5, -4, 13]]",0.9990234375,0.5963134765625,0.5963134765625,0.9990234375,0.9990234375,0.9983650112405478,0.5972900390625,T-,T+,T+,0.9989864034275674,0.8004293432608004,17.94277759516109,3532.8176966878177,253,147,253,147
"[[-11, -5, -7, -14, -3, -10, -12, -8, -9, -13, 1, 4, -6], [2, 9], [-5, 6, -12, -14, 11, -9, 8, 2, 4, 10, 7, -1, 3], [-1, -9, 2, 13, 6, -14, -12, 11, -4]]",12252,4132,0.747802734375,4,9.25,"[[9, 2]]","[[-3, -1, -2], [2, -9], [-8, 6, -2], [-12, -11, 7], [-7, -11], [1, -6, -4], [-13, 6, 14], [-8, 12, -3], [3, 7, -10, 6], [1, 13, -7, 6], [-3, 4, -11], [13, 5, -2], [8, -6, 4], [1, -12, 8, 9, 10, 13, 14], [1, 2, -8, -7, 13], [3, -1, -5], [-12, -10], [-6, -2], [3, 12, -4], [11, -14, -13]]",0.997802734375,0.7652587890625,0.7652587890625,0.997802734375,0.997802734375,0.9971369492603785,0.7674560546875,T-,T+,T+,0.9988152582541459,0.8595437501759678,23.036123657850943,2731.0319323066738,331,69,331,69
"[[-3, -1, 6, -10, -4, 13, 7, -12, -9, 14, 11, -8], [7, 3, 1, 8, -5, -4, 14, 12], [12, -14, -8, 13, 2, 1, -7, 11, -3], [-5, 1, -13, -7, 6, 3, 9, 2, 11, 10, -14, 8, -4]]",16282,102,0.9937744140625,4,10.5,nan,nan,nan,nan,nan,nan,nan,nan,nan,nan,nan,nan,nan,nan,nan,nan,400,0,400,0
"[[-10, 13, 1, 3, 14, 12, 7], [10, 14], [7, 13, -1, -14, 11, 6, 4, 2, 3, -5, 10, -9, -8], [-9, 6, 14, 1, 10]]",12158,4226,0.7420654296875,4,6.75,"[[10, 14]]","[[-3, -2, -1], [-6, -4], [-8, 3, 13], [-7, -11, 6], [11, 8, -13], [-11, 14, -10], [2, 12, -9], [9, -12, -1], [-14, 11, -10], [-8, -3, 4, 12], [-7, -14, -2], [8, 13, 7], [-4, 5, 6], [11, -2, -5], [1, 2, -7], [9, -14, 12], [2, -4, -11], [-7, 13, 5, -10], [9, -6, -13, -10], [-12, 4, -9], [-5, -4, 13], [2, -14]]",0.9920654296875,0.7486572265625,0.7486572265625,0.9920654296875,0.9920654296875,0.9895127460471119,0.756591796875,T-,T+,T+,0.9988152582541459,0.8422081830711636,23.036123657850943,3068.1047744705443,335,65,335,65
"[[-2, -9, 1, 3, 7, -12, -10, 6, -4, -8, 13], [6, -13, 8, 11, -9, 1, -4, 3, 2, -5, 7], [10, 7, 8, -2, -11, 13, -3], [-5, -12, -6, -11, 2, -7, -14, 10, -3, -8, -13, -4], [11, -3], [12, -9, 2, -11, -4, 13, 14, 3, -6, 5, 8], [4, -3, 9, -12, -2, 11, 13, 1, 6, -10, -14, 8, 7], [-1, 8, 10, -2, 5, -9, -13, 12]]",12084,4300,0.737548828125,8,9.375,"[[5, 7, 8, 10, 13, 14, -11, -1, -9, -6, -4, -2], [11, -3]]","[[4, 8, 11, -13, -7, -6], [2, -11], [-11, -2, 6], [-7, -13, 12], [-12, -4, -9], [9, -6, -4], [8, -13, -10, 7], [-14, 11, -9, 7], [1, 5, -7], [8, 9, -5], [-7, -12, 14], [-8, -6, 7], [-5, 12], [8, 10, 2], [10, -2, -1], [-14, 2, 6], [-11, 7], [3, 13], [12, 5, -2], [3, 11, -1], [-3, 2, 4, -10, 9, -6, 13]]",0.987548828125,0.7501220703125,0.7501220703125,0.987548828125,0.987548828125,0.9838270616493194,0.7623291015625,T-,T+,T+,0.9961331664451492,0.8413704015276763,75.18672845418264,3084.3946024449333,330,70,330,70
"[[-8, 7], [5, 8], [6, -13, -2]]",7168,9216,0.5625,3,2.3333333333333335,"[[-13, 6, -2], [8, 5], [-8, 7]]","[[4, 8, 11, -13, -7, -6], [7, 12, -11, -10, -2, -4, -3, -1], [3, 11, -12, -10, -8, -4, -2], [1, 3, 10, 13, -11, -9, -2], [1, 3, 4, 5, 9, -11, -7], [1, 3, 4, 5, 6, 11, -8, -2], [-8, -7], [8, -5], [2, -4, -3], [9, 10, -11, 6], [1, -6, -12], [1, 12, -7, -10], [8, -6, -1, 7], [11, 3, -9], [-5, 4, -2], [9, -5, -4, 13], [-6, 4, -10], [11, -4, -9], [-11, -12, -3, 1], [11, 9, -13, -3], [-7, 2, -13, -9], [-7, 10, 12, -9], [1, 3, 6, 7, 8, -11, -4, -2], [1, 3, 5, -9, -8], [-6, 4, -3, -2], [2, -12, -11], [-7, 2, 13], [2, -12, 7, 9, -1], [6, 7, -10, 9, -2, -5, -1], [10, 11, 12]]",1.0,0.534423828125,0.534423828125,1.0,1.0,1.0,0.534423828125,T-,T+,T+,0.9856451671348714,0.7819415211205144,254.1105411362895,3860.0907853151325,255,145,255,145
"[[-9, -4, -1, 12, 7, 14, 8, -6, 10, 11], [-6, -9, -14, 2, 11, 5, -7, -10], [-6, 5, 7, -10, -3, -2, 12, 11, -13, 4, 9, -8, -14], [8, 4, -2, -11, -7, 10]]",16046,338,0.9793701171875,4,9.25,"[[4, 8, 10, -11, -1, -7, -2]]","[[-14, 2, 6], [9, -6, -4], [-12, -9], [3, 12, 13], [9, 4, -3], [8, 12, -9], [-8, -2, 6], [-7, 2, 13], [-7, -13, -4], [-8, 2, -13], [11, 4, 13], [-6, -9, 7], [-7, 11], [-7, 5, -10], [-11, 14, 7], [2, -5, 12], [3, 7], [1, 14], [8, 9]]",0.9871826171875,0.97503662109375,0.97503662109375,0.9871826171875,0.9871826171875,0.9870250231696015,0.98785400390625,T-,T+,T+,0.9977076547569418,0.9715231796584941,44.57237087353907,553.7034185424068,396,4,396,4
"[[5, -8, -4, 6, 9, -1, 2, 12, -3], [2, 3, 12], [-9, 1, 3, -2, -10, 4, 11], [-4, 7, 13, -8], [-5, 1, 10, 6, 11, 12, -8, 9, 2, -14], [4, -7, 9, -12, 2, 11], [3, -7, 5, 13, 2, -9], [-8]]",6912,9472,0.578125,8,5.75,"[[2, 3, 12], [1, 3, 4, 8, 11, 13, -10, -7, -5, -2], [-8]]","[[2, 3, 14, -11, -10, -9, -7, -6, -5, -1], [4, 7, 14, -13, -12, -11, -10, -6, -5], [2, 6, 12, 14, -13, -9, -7, -4], [10, 11, 13, -2, -7, -6, -5, -1], [8, -9], [-3, 4, -11, 6], [9, 2, -4, -11], [1, 2, 6, -14, -9], [5, 12, -1, -3, -2], [3, 10, 11, 12, 14, -9, -7, -5], [3, -12, -11, -9, -7, -5], [-14, 3, 5, 6, -11, 9, -1], [1, -13, -4, -3], [2, 3, -12, -11, 7, 10], [-7, -4, 13, 9], [3, -12, -5, -10, -9, 11, -1], [2, -14, 11, -1], [3, -12, 6, 7, -10, 9, -2], [12, 14, -13, -10, -1, -7, -5, -2], [1, 3, 5, 7, 12, 13, -14, -11, -10, -2], [-6, 10, -4], [1, -12, 5, -10, -7, -6, -2], [-3, 2, 13], [6, 12, -10, -9, -1, -5, -4, -2], [8, 9], [3, -9, -5, 7, 11, -1], [2, 3, -12, -10, -9, -6, 14], [4, 5, -2]]",0.984375,0.60614013671875,0.60614013671875,0.984375,0.984375,0.975616950152394,0.62078857421875,T-,T+,T+,0.9956772870443035,0.829343890977446,84.0508495064729,3318.2381258769665,229,171,229,171
"[[7, 13, 8, 4, -14, 11, -5, -9, 10], [-11, -14, 2, -1, 3, 6, 13, -10, -5]]",16320,64,0.99609375,2,9,nan,nan,nan,nan,nan,nan,nan,nan,nan,nan,nan,nan,nan,nan,nan,nan,400,0,400,0
"[[-11, 9, 4, -6, 3, -13, 7, 2, 14, -5, -12, -10, 1], [-9, 7, -11, 12, -5, 6, 8, 14, 2, -13, -3, -4, 10], [-12, -1, -13, 7, 4, 2], [3, -9, 11, 8, 5, -7, -2, -1, -10, -4, 13], [-5, -2, 10, -8, -14, 4, 7, -9], [2, -9, -8, -7, -6, 11, 1, 12], [5, -7, 2, -6, -14]]",15492,892,0.945556640625,7,9.142857142857142,"[[2, -14, 4, -12, -9, 15], [3, 6, 7, -15, -13, -10, -8, -5, -1], [1, 5, 8, 10, 13, -15, -11, -7, -6, -3]]","[[-3, -2, -1], [-12, -9], [3, 12, 13], [1, -11, 14], [-3, 2, 13], [1, -5, -3], [13, -1, 7], [2, -13], [-12, -10, 14], [3, -5], [5, -2], [9, 6]]",0.92584228515625,0.945556640625,0.945556640625,0.92584228515625,0.92584228515625,0.9542475342029908,0.95916748046875,T-,T+,T+,0.9930704627456658,0.9832376168552288,134.73795250410524,325.9278507526879,398,2,398,2
"[[-9, 1, -3, -8, -13, 5, 6, 2, -12], [-8, 1, 9], [4, -3, 12, -11, -14, 7, -10, -5, 6, -8, -13, 1], [5, 12, -6, -1, -2, 11], [-2, -7, 9, 12, 13, -14, 11, -5], [14, 5, 2, 11, 6, -10, -13, -1, -9, -12, 8], [-9, 1, 4]]",11960,4424,0.72998046875,7,7.428571428571429,"[[-8, 9, 1], [5, 11, 12, -6, -2], [1, 4, -9], [1, 2, 6, 10, -13, -12, -8, -7]]","[[-3, -2, -1], [-14, 2, -1], [3, 7], [-7, 13], [8, -13, -9], [1, -11, 14], [8, 9, -5], [-8, -4, -11, -2], [-5, -4, -9], [-12, 14, -1], [-3, 4, -11, 6], [-6, 11, 4], [-14, 11, -5], [2, -4], [-8, 14, -10], [10, 11, -3], [8, 5]]",0.9873046875,0.73870849609375,0.73870849609375,0.9873046875,0.9873046875,0.993855351656564,0.73504638671875,T-,T+,T+,0.9831516262487864,0.8738497817644382,327.5998524782541,2452.865391895343,347,53,347,53
"[[-2, 3, 13, -8, 1], [-7, -14, 8, 1, 3], [-13, 3, -14, -9, -5]]",14912,1472,0.91015625,3,5,"[[1, 3, 6, 7, 10, 12, 13, 14, -9, -8, -4, -2], [3, 7, -14, -13, -9, -5]]","[[-3, -2, -1], [-14, 2, 6], [9, -6, -4], [-12, -9], [-7, 12], [2, 13, -1], [11, -13, 6, 7], [8, 9, -5], [1, -3, -4, -7], [-8, 2, -13], [-8, 1, -5], [3, 7], [13, 5, -2], [-12, -10, 14], [-6, 11], [2, -9], [-11, 14], [-8, 6]]",0.926025390625,0.90325927734375,0.90325927734375,0.926025390625,0.926025390625,0.9250453606957392,0.97552490234375,T-,T+,T+,0.9952312818898037,0.9724944300648993,92.72297566987078,534.8184214170988,396,4,396,4
"[[-13, -9, -3, -10], [-14, 13, 12, 1, 8, -4, 11, -9, -2, -7, 5, 10, 6], [-11, -7, -5, 2, -3, -4], [-8, -12, 11, -3]]",14238,2146,0.8690185546875,4,6.75,"[[-8, 11, -12, -3], [-13, -3, -10, -9], [2, -11, -7, -5, -4, -3]]","[[-3, -2, -1], [-14, 2, 6], [1, -11, 14], [-8, 3, 13], [8, -9], [9, 4, -3], [8, 9, -5], [-8, -7, 10], [1, -4, -3], [13, -11, -1], [-5, -13, 7], [2, -13, -4], [-7, -10], [2, 12], [3, 5], [-8, -6]]",0.9998779296875,0.86944580078125,0.86944580078125,0.9998779296875,0.9998779296875,0.9998596195690321,0.86956787109375,T-,T+,T+,0.9954977962421014,0.9241995832127591,87.54086944494364,1473.8636336045004,377,23,377,23
"[[6, 14, 5, -9, -12, -3, 1, -4, -13, 2, 7], [5, 11, -10, -4, -13, -7, -12, -3, -14], [7, -5, -8, 11, 9], [-10, 2, -5, -1], [-6, -10, -5, 1, 11, 13, 3, 7, -8, 2, -4], [-4, -6, -3, -12, 8, -11, 7], [-11, 3, 9, -2, -7, 5, -6, -8, 10, -12, 14]]",14740,1644,0.899658203125,7,8.285714285714286,"[[7, 9, 10, -5, -4, -3], [2, -5, -10, -1]]","[[-3, -2, -1], [1, -11, 14], [-6, 10, 13], [11, -9], [-4, -11], [9, 11, 5], [-7, -12, 13], [3, -12, -1], [-5, 13, 7], [-8, 11, -3, 14], [8, 3, -4, -13], [8, -14, -5], [4, -12, 7], [-6, -13], [3, 12], [-8, -7], [2, -3], [-11, 5]]",0.956298828125,0.8988037109375,0.8988037109375,0.956298828125,0.956298828125,0.9648307896483079,0.9197998046875,T-,T+,T+,0.993427100140559,0.9461400335811243,127.80349344708017,1047.2534212411165,386,14,386,14
"[[-9, 5], [-7, -11, -3, 10, -14, 12, -2, 5], [2, -11, -6, 9, -13, 14, 1, -8, -5, 7, 10, -12, 4], [-13, 7, -3, -9, -5, -14, -11, 8, 10, 1]]",12238,4146,0.7469482421875,4,8.25,"[[5, -9]]","[[-3, -2, -1], [9, -14, 2], [-5, -12, 13], [-7, 12, 14], [10, -4], [-11, -10], [-8, 2, 4], [3, 7], [-14, 11, -12, -9], [8, -7, -14, -5], [-8, 11, -3], [8, 11, 14], [2, -14, 11, -1], [2, 10, -3], [1, 2, 3], [-7, -2], [9, -11, 7], [-6, -13]]",0.9969482421875,0.746337890625,0.746337890625,0.9969482421875,0.9969482421875,0.9960892944435392,0.7491455078125,T-,T+,T+,0.9988152582541459,0.82487520085151,23.036123657850943,3405.12735611631,332,68,332,68
"[[-4, -7, -11, -1, 12], [14, -13, -9], [-12], [6, 10, 2], [-8, -14, -9, 12, 2, -10, 6, -4, 7, 13, -5], [-11, -2]]",4304,12080,0.7373046875,6,4.166666666666667,"[[-13, 12, 14, -9], [-11, -2], [3, 9, 13, -11, -10, -8, -7, -4, -1], [13, -14, -11, -9, -7, -6, -4, -1], [2, 10, 6], [-12]]","[[2, 6, 8, 13, -11, -10, -9, -7, -5, -3, -1], [4, 8, 11, -13, -7, -6], [1, 4, 7, 8, 9, 10, 13, -11, -5, -3], [3, 4, 5, 7, 10, 13, -2], [2, 6, 11, 13, -14, -9, -8, -4, -1], [2, 3, 5, 6, 9, 13, -14, -11, -1], [10, 11, 13, -2, -7, -6, -5, -1], [3, 4, 7, 11, -2, -9, -5, -1], [1, 2, 3, 13, -8, -7, -5], [2, 4, 5, 7, 8, 11, 13, -9, -6, -3, -1], [2, 7, 11, 12, -14, -9, -6, -1], [7, 10, 13, -14, -2, -9, -8, -6, -3, -1], [4, 5, 7, 8, 10, -14, -2, -9, -6, -3, -1], [11, -4, 12], [2, 12, 13], [12, -2, -1], [5, 6, 8, -14, -9], [-7, -14, 2, 4], [2, 14, -9, -7, -6], [3, 5, 7, 11, -10], [1, 11, 13, -4, -3], [11, -9, -8, -3, -2], [8, -7, 12], [-8, 3, 13, 14], [1, -14, 11, -7], [-8, 3, -6, -13], [3, 7, 8, -9, -4], [7, 12, 13, -8, -5], [-6, 3, 12], [-14, 2, -13, -5], [9, 12, -3, 14], [9, -6, -4], [3, -13, 4, -10, 8, -5, -1]]",0.99072265625,0.5340576171875,0.99072265625,0.99072265625,0.99072265625,0.9837947332883187,0.5423583984375,T+,T+,T+,0.9919140941840767,0.7871109576705679,157.22238784373678,4139.415464732041,175,225,175,225
"[[-14, -12, 8, -7, 10, -6, 13, 5, -3, 2, 1], [2, -1, -10, 6, -13, -11, -3, 8, -7], [-11, -13, 12, 3, 1, -8], [-4, -1, -12, -8, -10, -3, 11, 9], [-4, -14, 5, 13, -9], [11, -3, 6, -4, -13, -5, -10, 9, 12, 7], [5, -9, -4, 6, -7, 11, -1]]",15402,982,0.9400634765625,7,8,"[[1, 3, 12, -13, -11, -8], [1, 5, 8, 10, 13, -14, -9]]","[[4, 8, 11, -13, -7, -6], [-3, -2, -1], [9, -6, -4], [-12, -9], [3, 12, 13], [8, 12, -9], [-8, 9, -7], [-5, -11, 14, 7], [5, 6, -2], [8, 9, -5], [-3, 2, 13], [-7, 2, 14], [11, -2, -5], [2, -4, -11], [-8, -4, -2, -9], [3, 5, 7], [9, -11, 5], [-10, 14], [-14, 11], [1, 2, 3, -9, -6, -5], [-3, 4, 12]]",0.9559326171875,0.93194580078125,0.93194580078125,0.9559326171875,0.9559326171875,0.9584042352051427,0.96844482421875,T-,T+,T+,0.9960695458464728,0.9672513600290586,76.4237676514835,636.764697991763,395,5,395,5
"[[14, 6, 11, -7, 1, -2, 10], [-6, -4, -11, -2, -12, -10, 1, 7], [14, -12], [12, -3, -10, 14, 9, 4, 5], [3, -12, -10, -5, 4], [-1, -6, -9, -11, 8, 3, 5, -14, 13, 10], [-9, 1, -14, -6, 4, -3, 8, 12], [9, 10, 5, -4, -12, -14], [12, -8, -3]]",9504,6880,0.580078125,9,6.222222222222222,"[[-8, 12, -3], [1, 5, 7, 8, 9, 10, -14, -13, -6, -4, -3, -2], [2, 3, 4, -14, -10, -9, -1], [-12, 14]]","[[4, 8, 11, -13, -7, -6], [-14, 11], [2, -4, -11], [-3, -2, -1], [-8, 3, 13], [-7, -11], [-14, -11, 7], [9, -6, -4], [8, 5, -9], [-13, -10, -5], [1, 13, -3, -7], [2, 12, -9], [9, -6, 2], [-5, -4, -9], [9, 13, -11], [11, 10, -5, 13], [8, 12], [-13, -9, -8, -6, -3], [3, -2, 7]]",0.951171875,0.617431640625,0.617431640625,0.951171875,0.951171875,0.9350831309546049,0.6534423828125,T-,T+,T+,0.9933173108291704,0.8148373223530794,129.93823729510453,3600.3039092862346,306,94,306,94
"[[-2, -5, -8, 6, 7, -9, -1, 3, 4, -11, 14, 10], [11, 8, 12, -14, 3, 1, 4, 2, -7], [-3, -10, -4, 9, -13, -11, 7, -5, -12], [11, -1, -4, 8, 12, -9, -10, -7, -13, 2, 5, 14]]",16312,72,0.99560546875,4,10.5,nan,nan,nan,nan,nan,nan,nan,nan,nan,nan,nan,nan,nan,nan,nan,nan,400,0,400,0
"[[-14, 3, 7, -4], [12, -11, 3, -2, 9, -6], [12, -7, -11, -13, 14, 1, 3, -4, 9]]",15112,1272,0.92236328125,3,6.333333333333333,"[[3, 8, 9, 12, 13, 14, -11, -10, -7, -6, -4, -2], [-14, 3, -4, 7]]","[[-14, 2, 6], [-6, 10, 13], [-8, 3, 13], [8, -13, -9], [-8, -7, -12, 6], [11, 5, -10], [2, 4, -3], [-8, -4, -11], [1, 5, -7], [8, 13, -11], [-7, -4, 14], [-5, 13, -9], [-6, -13], [-11, 14], [3, 7], [-3, -2], [8, -5]]",0.985107421875,0.913330078125,0.913330078125,0.985107421875,0.985107421875,0.983955812730142,0.92822265625,T-,T+,T+,0.9956680156481528,0.9543289326521445,84.2311225735411,888.028432097441,389,11,389,11
"[[3, -14], [-3, 1, 5, -8, 10, -2, -6], [-8, 5], [-13, 7, 3, -4, -2, -9, -12, -11, -6], [-14, -10, -13, 3, -2, 12, 5, -1, 11, 8, 4, 6, -9]]",9204,7180,0.561767578125,5,6.6,"[[-8, 5], [-14, 3]]","[[-5, -12, 13], [2, -4, -11], [8, 5, -9], [1, -3, -7], [9, 12, 14], [11, -4, -9], [8, -6, -13], [-5, -10, 14], [2, 4, -3], [-5, -4, -2], [1, -13, 9], [10, 11, 13, -6, -2], [8, -7, -10, -1], [10, 2, -12], [8, 1, -2], [-6, -5, 7], [2, 12, 6], [-6, -5, -9], [1, 2, 3, -8, 11, -5], [-7, -11, 13], [5, -11, -2, 8, 9, -10, -1], [10, 13, 7], [-3, -2], [-14, 4, 5, -10, 9, -6, 13], [11, -1, -9]]",0.999267578125,0.60137939453125,0.60137939453125,0.999267578125,0.999267578125,0.9987835783071465,0.60211181640625,T-,T+,T+,0.9980790338990221,0.8029309124508994,37.351273220107245,3831.8121951953617,296,104,296,104
"[[14, -9, -4, 8], [9, -3, 12, -6, 10, -14, 7, 2, 13], [8, 1, 11, 5, 9, 7, 14, -12, 10, 6, -2], [12, -1, -4]]",13536,2848,0.826171875,4,6.75,"[[12, -4, -1], [8, -4, 14, -9]]","[[-3, -2, -1], [1, -11, 14], [-12, -9], [3, 13, 7], [-8, -2, 6], [11, -9, 7], [8, 5, -2], [1, -6, -2], [-3, 11, 13], [9, 11, -12, -1], [9, 2, -3, -11], [2, -6, 3], [-13, -10, 7], [-7, -12, 5, 14], [-6, -5, -1], [-7, -13], [-7, 2, 13], [8, -5], [-14, 2], [-8, 4]]",0.998046875,0.82666015625,0.82666015625,0.998046875,0.998046875,0.9976428992339422,0.82861328125,T-,T+,T+,0.9973780796934982,0.8980631724356418,50.98062984018685,1982.060118400425,365,35,365,35
"[[1, -7, 5, 6, -10, 4, 11, 9, 2, 14, -8], [-2, 1, 9], [11, -12, -2, -7, 1, 5, 3]]",14264,2120,0.87060546875,3,7,"[[1, 9, -2]]","[[-3, -2, -1], [-14, 2, 6], [11, -9], [9, 3, -5], [1, 2, -7], [8, -7, -13], [10, 5, 14], [-13, -10, 7], [9, 11, -1], [1, -5, 4], [-8, -3, 14], [3, 13, 7], [10, -12, -9], [1, -14, 11, -7], [-8, 10, -13], [-7, 13, -2], [8, -11, 5], [8, -14, -5, -4], [2, -11], [-8, -5, -12], [-4, 12, -2]]",0.99560546875,0.86962890625,0.86962890625,0.99560546875,0.99560546875,0.9949720670391061,0.8740234375,T-,T+,T+,0.9985794548456185,0.9449583294215244,27.6210861585721,1070.2304820586332,380,20,380,20
"[[14, 4, 13, 6, 10, 8, -5, -9], [-2, 14, -9, -10, 5], [8, -5, -12], [-7, 1, -2, -12, -5, 11, -14, 9, 3], [4, -5, 6, 9, 12, -8, 11, -10, -7, 3], [-1, 2, -8, -9], [6, -9, 3, -1, -8, -7, -10, -13, 4, 12]]",12730,3654,0.7769775390625,7,7,"[[1, 5, 14, -12, -11, -10, -9, -8, -7, -4, -3, -2], [-8, 2, -1, -9], [8, -5, -12]]","[[-3, -2, -1], [9, -14, 2], [2, -9], [-8, -7, 6], [9, -6, -4], [3, -2, 7], [-8, 12], [8, -13, -9], [8, 10, 3, 12], [9, -11], [10, -12, -11], [11, -12, -1], [-5, -10], [-6, 11, -2], [13, 5, -11], [1, 2, -7], [-14, 11, 5, -10], [8, -7]]",0.9647216796875,0.7672119140625,0.7672119140625,0.9647216796875,0.9647216796875,0.9573607932875667,0.8001708984375,T-,T+,T+,0.9946831607320432,0.8787372823109819,103.3806458446936,2357.8328100166427,359,41,359,41
"[[-1, -9, -8, 6, -14, -4, 5], [2], [-7, -14, 11, -12, 4, -5, -8, -10, -9, -1, -13]]",8124,8260,0.504150390625,3,6.333333333333333,[[2]],"[[1, 4, 7, 8, 9, 10, 13, -11, -5, -3], [3, 5, 7, 13, 14, -11, -8, -4, -1], [3, 7, 8, 9, 13, -14, -12, -11, -1], [3, 4, 7, 8, 10, 12, 13, -6], [3, 6, 7, 9, 11, -14, -12, -10, -1], [3, 8, 9, 10, 13, 14, -12, -5], [1, -6, -13, 9], [-7, 5, 4, -11], [-8, -5, 13, 6], [10, -12, -1, -9], [1, 3, 5, 6, 7, 10, 12, 13, -14, -4], [-3, 4, 5, 6, -12, -11, 13], [5, 13, -12, -11, -10, -6, -4, -3], [-12, -11, 7, -5, 14], [1, 6, 9, 12, -13, -10, -4, -3], [4, 9, -6, 11, -7], [8, -13, -9], [-14, 3, 5, -10, 7, 9, 11], [3, -10, 9, -6, -5, -1], [1, 2, 3, 4, 9, 10, 11, 13, -14], [-12, 5, -11, -8, 9, -4, 13], [8, -7, -10, 14], [-8, 11, -3], [1, 5, 6, 8, 9, 13, -7, -4], [3, 7, 9, 14, -11, -8, -6, -1], [-14, 3, -11, -7, 12, 13], [11, -5, -4], [-2]]",0.995849609375,0.68603515625,0.68603515625,0.995849609375,0.995849609375,0.9939865581888928,0.690185546875,T-,T+,T+,0.9990570006254174,0.8495963026420552,18.335683939709853,2924.4501454092997,230,170,230,170
"[[9, -6, 5, -7, -10, 3, 13, 1], [-14, 8, -2], [-11, -3, -1, -14], [5, -7, 8], [2, -11, -14], [5, 7, 1, -10, -14]]",10468,5916,0.638916015625,6,4.333333333333333,"[[8, -14, -2], [2, -14, -11], [8, -7, 5], [6, 7, 9, -14, -10, -2], [2, 5, -14, -10, -9], [-14, -11, -1]]","[[-7, 2, 6], [-11, 14], [-12, -9], [12, -3, -9], [9, -3], [2, -4, -11, 7], [1, -6], [11, -1], [8, 11], [-7, -5, -4], [-8, -2], [9, -6, -4], [-14, -13, 4, -10, -5, -1], [13, 7]]",0.961181640625,0.6527099609375,0.6527099609375,0.961181640625,0.961181640625,0.9823518127757529,0.6363525390625,T-,T+,T+,0.9866135646430716,0.8009544968569233,260.2859072866623,3870.2416285984327,315,85,315,85
"[[11, -5, 9, 4, 7, 2, 10, -1], [-8, 11, -2], [-13, -2, -14], [14, 2, -8, -7], [-3, 9, -2, -14, -6, -7, 11, -1, -10, -5, 13, -8]]",11712,4672,0.71484375,5,6,"[[-14, -13, -2], [-8, -7, 2, 14], [-8, 11, -2]]","[[-14, 2, 6], [-11, 14], [5, -1, -9], [-5, -4], [9, 4, -3], [1, 5, -7], [4, -12, -9], [9, -6, -13], [8, 11, -9], [8, -2, -1], [-8, 3, 13], [13, -4, 5, -10], [8, -7], [2, 12], [10, -6, 13], [3, 7], [1, -13, -11, 7, 10, -4]]",0.99609375,0.72698974609375,0.72698974609375,0.99609375,0.99609375,0.9946555323590814,0.73089599609375,T-,T+,T+,0.9963932247773888,0.8389131940757307,70.13015311133937,3132.172554824926,336,64,336,64
"[[7, -13, -6, -5, 12, 9, 10, 1, 14, -8], [-14, 1, -3], [11, 2, 9, 8], [12, 4, -6, -7, -2, 5, 11, -9, 3, 1, 14]]",13416,2968,0.81884765625,4,7,"[[1, -14, -3], [8, 9, 2, 11]]","[[-3, -2, -1], [2, -11], [11, -1, -9], [3, 5, -2], [9, 10, -5], [-8, -4, 13], [-12, -10, 14], [9, -6, -4], [-5, 4, 7], [9, -14, -10], [-8, 10, -13], [9, 12, -3, 14], [2, 11, 13], [8, 3, -5], [-8, -6, -9, 7], [8, -6, 4], [2, 3, -9], [1, -7], [-7, -2], [8, -9]]",0.99853515625,0.821533203125,0.821533203125,0.99853515625,0.99853515625,0.998220112726194,0.822998046875,T-,T+,T+,0.9973780796934982,0.9012339914131702,50.98062984018685,1920.4067004140932,369,31,369,31
"[[-13], [11, -13, -12, -3], [-8, 4, 10], [-11, -1, -5, 13, -14, 3, -6, 2, -4, 7, -12, 10], [-3, -8, -4, 11, -7, 1], [7, -14, 8, -11, 4, 5, -2, -6, 12, -9, 1], [5, 10], [-7, -10, -9, 1, -8]]",5306,11078,0.6761474609375,8,5.5,"[[-8, 1, 10, 9], [5, -3, 14, 6], [1, -12, -11, -10, -9, -8, -7, -6, -4, -2], [10, 5], [1, 6, 13, 14, -12, -11, -9, -8, -5, -2], [-7, 11, 4], [-13]]","[[1, 3, 4, 5, 11, -14, -7, -6, -2], [3, 7, 9, 14, -8, -6, -5, -4, -1], [1, 2, 3, 4, 12, -9, -6, -5], [3, 5, 7, 13, 14, -11, -8, -4, -1], [1, 4, 8, 11, 12, -14, -7, -5, -2], [-5, 13], [13, 5, -10], [8, 2, 6, -10], [9, -5, -2, -1], [3, 12, -4, -2], [-7, 3, 13, 6], [8, -7, 3, -5], [-7, 13, -12, -4], [4, 9, 12, 14, -13, -8, -6, -1], [6, 9, 14, -13, -12, -10, -8, -5, -2], [4, 5, 9, 14, -13, -12, -1, -6, -2], [5, 6, 8, 12, -14, -13, -10, -9, -2], [13, 11, -3], [13, 4, 12], [3, 4, -5, -13, 7, 11, -2], [2, -14, -13, 7, -6, 11, 12], [4, 5, 12, -14, -13, -11, -10, -7, -3, -2], [5, 8, 12, -13, -11, -7, -4, -3, -2], [13, -1, -9], [9, -5, -4, 6], [-1, 5, 14, -10], [8, 13, -11, 7], [1, -14, 4, 8, 9, -7], [-5, -4, -11, -2], [1, 8, 9, 11, 12, -7, -5, -3], [-6, 2, -11, 14], [13, -11, 6], [-9, -12, 7], [-14, 3, 6, -10, 9, 11, -1]]",0.9141845703125,0.5704345703125,0.9141845703125,0.9141845703125,0.9141845703125,0.9438729874776386,0.5458984375,T+,T+,T+,0.974362652980549,0.7881650679071062,498.49268692184546,4118.919340709335,197,203,197,203
"[[1, 14, -7, -9, 2, 5, -13, 8, 4, 6, 3, 11], [10, -8, -11, 3, 13, -6, 14, -7, -9, -2, 4, 5, 12], [6, 4], [10, -9], [3, -10, -5, 2, -12, -6, 14, -4, -8, 1], [-11, -4, 2, -7, -5, -8, 14], [13, 3], [-13, -8, -6, 4, -3, 14, -10, -12, -9, 2, 11, 1, 7]]",6832,9552,0.5830078125,8,7.625,"[[2, 12, 14, -13, -11, -9, -8, -7, -5, -4, -3], [3, 13], [4, 6], [10, -9]]","[[3, 8, 12, -14, -9, -7, -5, -4], [10, 11, 13, -2, -7, -6, -5, -1], [5, 7, 8, 9, 13, -11, -2, -1], [9, -14, 2], [-3, -6, 13], [1, -11, 14], [-4, 6], [-14, 5, -2, -9], [-5, 4, 7], [-8, 11, -3, 14], [-8, -6, -13], [-7, -6, 14], [-7, -12, 5, 14], [1, -5], [11, -12, -1, -10], [2, -4, -11, 7], [-12, -11, -7, 10, -5, 13], [2, -10, -9], [-14, 10, 7, -6, 11, 12, -1], [9, -6], [-3, -2, -1], [8, 11, -13]]",0.995361328125,0.4727783203125,0.4727783203125,0.995361328125,0.995361328125,0.9902838148811046,0.4774169921875,T-,T+,T+,0.9947936616725,0.6437643147706028,101.23206507797408,6926.648212575084,225,175,225,175
"[[11, -14, 5, -13], [-12, -9]]",11520,4864,0.703125,2,3,"[[-12, -9], [-14, 11, 5, -13]]","[[4, 8, 11, -13, -7, -6], [-7, 12], [9, -5, 14], [2, -1], [-5, -11, 7], [-14, -10, 6], [10, -6, 11, -2], [1, -13, 9], [11, 4, 12, 14], [8, 3, 13], [2, -13, -4, -11], [-7, -11, -2], [8, 9, -1], [6, -8, -7, 10, 11], [-8, 3, 13, -5], [-7, -6, 5, -2], [-5, 12, -9], [4, 5, 10, 13, -2], [3, -4, 7], [1, -4, -3], [-3, -2, -1], [3, 4, -5, -9, 11], [-11, 5, 14], [9, 2]]",1.0,0.721435546875,0.721435546875,1.0,1.0,1.0,0.721435546875,T-,T+,T+,0.9976138831020257,0.8166899603383094,46.395667339465696,3564.2812082458304,313,87,313,87
"[[-7], [8, 14, 11, -3, 12, -1, 2], [-5, -7, 3, -9, -8, -14, -6, 10, -2, -4, 12, 1]]",8128,8256,0.50390625,3,6.666666666666667,"[[2, -10, -9, -6, -1], [-7]]","[[3, 5, 8, 10, 11, 12, 13, 14, -6, -2], [2, 3, 5, 6, 9, 13, -14, -11, -1], [3, 8, 9, -13, -10, -6, -5, -1], [3, 8, 9, 10, 13, 14, -12, -5], [8, 7, -9], [9, -6, -4], [3, 13, 7], [9, -6, 4, -3], [-8, -4, -3], [-14, 11, -12, -1], [2, -13, -12], [1, 3, -4, 5], [9, -14, 12, -10], [-2, -3, -10, 6], [13, -12, -11, -9], [-6, -13, -3, -2], [10, 2, -13, -4], [-6, -13, -12], [2, 3, 4, 9, 13, 14, -10, -8, -7], [-5, -11, 7], [2, 6, 9, 10, -7, -4, -3, -1], [2, -5, 12], [-3, 4, 5, -8, 11, 13, 14], [2, -12, -9], [6, 11, 12, 13, -14, -8, -4, -1], [4, 6, 8, 10, 12, 13, 14, -9, -7, -3], [7, -2, -1], [11, 7]]",0.9814453125,0.6204833984375,0.6204833984375,0.9814453125,0.9814453125,0.9935935935935936,0.6097412109375,T-,T+,T+,0.9946356845925508,0.8016876638803736,104.30377210741716,3855.9859258065258,231,169,231,169
"[[13, -1, 3, 6, -12, 8, 4, 2], [6, -11, -8, 14, -10, -12, 5, 7, 3], [9, -14, 13, -10, -11, 12, -7, -8], [-8, -13, -3, -1, -2, -9, -11, 7, 10, -14, -5, -6], [-7, -4, -14, 1, -10, 13], [-3, -13, 6, -5, 11, -8, -12, -10, -4, -9, 14]]",15972,412,0.974853515625,6,9,"[[2, 5, 9, 12, 13, -14, -10, -8, -7]]","[[-3, -2, -1], [-12, -9], [3, 12, 13], [1, -11, 14], [-3, 2, 13], [1, -5, -3], [13, -1, 7], [2, -13], [-12, -10, 14], [3, -5], [5, -2], [9, 6]]",0.975341796875,0.971435546875,0.971435546875,0.975341796875,0.975341796875,0.9761787819253438,0.994140625,T-,T+,T+,0.9973274698274176,0.983494765532552,51.96468829631783,320.9278507526879,398,2,398,2
"[[-5, -7, -13, 11, 3, 10, 8, -2, 12, -14, -6, -1, -4], [12, 14, -2, 10, 3, -11, 4, 6, 9, -7, 1, -8, -13], [3, -12, 5], [-6, -9, 2, 12, 7, 1, -13, 11, 3, -4, -10, -5], [-13], [-3, 14, 12, 9, 10, -6, -8, 7, -11, 1, -4], [13, -8, -1, -10, 6, 3, -7, -14], [-11, 13, 3, 7, -6, -12, -10, 5, -2], [6, 5, -14, 10, -13, -8, 1]]",7116,9268,0.565673828125,9,8.555555555555555,"[[3, -12, 5], [-13]]","[[2, 3, 4, 7, 8, 10, 14, -12, -9], [3, 7, 9, 14, -8, -6, -5, -4, -1], [3, 6, 7, 9, 11, -14, -12, -10, -1], [2, 7, 11, 12, -14, -9, -6, -1], [13, -3], [3, 13], [9, -5, -4, -2], [-6, 2, -11, 14], [10, -6, 11, -2], [-8, 10, 5, -2], [8, -14, 2, 6], [5, -10, -9, 11, 12, -3, -2], [-14, 3, 8, -7, -5, 12, 11], [1, -5, -12, -10, 7, 11, -2], [9, -12, -7, 14], [4, 9, -6, 11, 12, -1], [-8, -12, -3, 14], [4, 6, 8, 12, -11, -10, -3, -1], [-14, -11, 8, -5, -2], [1, 2, -7, 9], [-4, -11, -9], [2, 6, 9, 10, -5, -3, -1], [1, 3, 5, 8, 9, 12, 14, -2], [1, -14, 3, 5, -7, -6, 11], [4, -2, -1], [1, -14, -5, 8, -7, 11, 12], [1, 2, 3, 4, -13, -6, 12]]",0.996826171875,0.618408203125,0.618408203125,0.996826171875,0.996826171875,0.9948939512961509,0.62158203125,T-,T+,T+,0.9980849728617663,0.822098051675306,37.23579600268731,3459.126256773946,239,161,239,161
"[[-13, -14, 6, 4, 10, 12, -5, -7, -2, 9, -3, -1], [7, -14, -2], [-6, -12, -8, -9], [-13, -10, 14], [4, 9, 1, 8, -2], [-5, 10, -12, 13, 2, -3, 6, 7, -14], [-2, 6, -5, -13, -14, -12], [7]]",6372,10012,0.611083984375,8,5.375,"[[-13, 14, -10], [-8, -6, -12, -9], [6, -14, -13, -9, -5], [7]]","[[1, 2, 3, 5, 8, 10, 13, -12, -9, -6, -4], [3, 8, 9, 10, 13, 14, -12, -5], [1, 3, 5, 8, 9, 12, 14, -11, -4, -2], [4, 5, 6, 8, 13, -12, -11, -9, -3], [8, -7], [2, -5, -11], [11, -4, 13, -10], [9, -6, -13], [-11, 5, -7], [1, 2, 4, 6, -14], [1, 2, 3, 12], [-4, 13, 6], [1, 2, 3, 5, 8, -14, -13, -10, -9], [1, 3, 5, 8, 10, 14, -13, -12, -11, -2], [2, 5, 11, 14, -1], [8, -6, -12, -10], [-8, -7, 3], [1, 8, -14, -13, -12, -9, -3, -2], [-6, 11, -1], [5, 6, 8, 11, -14, -10, -9, -2], [2, 4, -10, -8, 11, 13, 14], [1, -7], [10, 12, -3], [1, 3, 5, -2, 8, 13, 14], [7, 9, 11, 14, -12, -10, -5, -3, -2], [-8, -7, 6], [-13, -10, 8, 9, -5, 12, -2], [-14, 2, -1]]",0.970947265625,0.55340576171875,0.55340576171875,0.970947265625,0.970947265625,0.9689922480620154,0.55902099609375,T-,T+,T+,0.9896472459301847,0.7868245808699741,201.29899514906225,4144.983776488004,223,177,223,177
"[[-8, 5, 1, 3, 10, -14, 2, 6, 12, 7], [-1, -11, -6, -13, 7, -9, -4], [-6, 8, 12, 3], [6, -12, -5, 3, -11, -7], [-3, -13, -7, 4, 12, -10, 14, -5], [4, 10, 12, -2, -9, -11, 3, 13], [-13], [-1, -9, 4]]",6576,9808,0.5986328125,8,5.875,"[[4, -1, -9], [10, -6, 3, 12], [8, 9, 13, 14, -11, -10, -7, -4, -2], [-13]]","[[4, 9, 11, 12, 14, -8, -6, -3, -1], [1, 7, -11, -10, -9, -8, -6, -5, -4, -2], [5, 8, 9, 11, 14, -12, -10, -7, -1], [3, 8, 12, -14, -9, -7, -5, -4], [1, 3, 5, 7, 10, 11, 12, -14, -9, -6, -4, -2], [3, 6, 7, 9, 11, -14, -12, -10, -1], [2, 7, 11, 12, -14, -9, -6, -1], [1, 8, 9, -14, -11, -7, -5, -2], [-3, -11, 5, -7], [7, -1, -8, -3, -2], [7, 8, 9, 10, -5], [-3, 11, 5, -2], [-11, -4, 5, 14], [-7, -11, 6], [3, 4, -1, 7, 8, 10, 14], [9, -5, 6, -2], [3, 4, -6, -5, 12], [1, 8, 9, 12, 14, -10, -7, -6], [10, 2, -5, -3], [1, 2, -12, -9], [1, 3, 5, 11, -13, -7, -6, -2], [1, 8, 11, 12, -13, -7, -5, -2], [3, -11, -1], [3, 7, 9, -13, -8, -6, -4, -1], [-14, -5, -10, 7, 11, -4, -2], [8, 2, 6], [13]]",0.963623046875,0.58770751953125,0.58770751953125,0.963623046875,0.963623046875,0.963658761934093,0.59454345703125,T-,T+,T+,0.986049105486686,0.7956694143957056,271.2612535777901,3973.0047949548066,229,171,229,171
"[[1, 13, 4, 10, -5, 12, -6, 8, -14, 3, -9, -2, -11], [7, 1, -9, 11, 13, 12], [-9, 7], [-13, -2, -5], [-8, -5, -4], [4, 2, -8, 14, -6, 7, -5, 3, 1, 13, -11, 9], [-2, 13, -14], [-11, 10, 5, -9, 1, -13, 7]]",8252,8132,0.503662109375,8,6.125,"[[-8, -5, -4], [-14, 4, -2], [7, -9], [8, -14, -7, -5, -2], [1, 6, 9, 11, 13, -12, -10, -8, -3], [-14, -4, 12, -2], [-13, -2, -5]]","[[-14, 2, 6], [9, 12, 14], [11, -12, -1], [2, -5, -11], [-7, 12, -9], [8, -6, -13], [-3, 13, -4, 5], [9, 3, 7], [2, 4, 12], [3, 5, 14, -8, -1], [8, 9, -5, 13], [13, 12, -3, 6], [9, 5, -11], [5, 8, 11, 12, -14, -9, -3, -2], [2, 10, -13], [-5, -12, 14], [3, 4, 7, -8, 11, 12, 13], [-14, -11, -9, 8, 10, -4, -1], [-7, 3, 1], [-7, 5], [1, -12, 14], [3, -13, 5, 7, 8, 12], [-7, 11], [3, 4, 5, 6, 7, -2], [10, -6, 13], [4, 5, 8, 10, 13, -12, -9, -3], [-11, 6, -10]]",0.949951171875,0.5601806640625,0.5601806640625,0.949951171875,0.949951171875,0.9711386696730553,0.5413818359375,T-,T+,T+,0.959868758650484,0.7684331696250468,780.312031297604,4502.586456703423,270,130,270,130
"[[-10, -3, 5, 6, -8, -9, 4, 14, 2], [-2, 12, -13, -9], [-8, -5, 6, -10, -2, 4, -1, -12, 9, 3, -13, 14]]",15324,1060,0.935302734375,3,8.333333333333334,"[[-13, 12, -2, -9]]","[[-14, 2, 6], [9, -6, -4], [-12, -9], [1, -11, 14], [9, 4, -3], [8, 3, -5], [-8, -2, 6], [2, 12, -9], [-8, 2, -13], [1, -14, 11, -2], [1, -7, 9], [10, 2, -4, -11], [-6, -9, -2, 7], [-7, -12, 5], [11, 12, -3], [-2, -1], [3, 13], [3, 7], [8, 11]]",0.997802734375,0.9334716796875,0.9334716796875,0.997802734375,0.997802734375,0.997651663405088,0.9356689453125,T-,T+,T+,0.9983501074571492,0.9599183086294519,32.0805177772094,779.348581291099,389,11,389,11
"[[-8, -1, -6, -12, -4], [-1, 7, -11, -10], [6, 1], [1, 11, -9], [10, -2, -4, 11], [-8, 5], [12, 8, -1]]",5344,11040,0.673828125,7,3.2857142857142856,"[[-8, 1, -10, -9], [-7, 11, 12], [8, -9, 4, 7], [9, 10, 11, -4, -3], [-1, -11, -10, 7], [1, 6], [2, 3, 10, -12, -9, -8, -7, -6, -4], [11, 1, -5, -2], [-8, 5], [8, 12, -1]]","[[5, 9, 10, 11, -2, -3, -1], [2, 4, 9, 12, -11, -6, -3, -1], [5, 6, 8, 10, 11, -9, -4, -1], [1, 2, 4, 12, -11, -9, -7], [12, -11, -9, -8, -3, -1], [2, 6, 11, -9, -8, -4, -1], [1, 2, 10, 12, -9, -8, -7, -6, -4], [2, 9, 12, -10, -8, -1], [2, 5, 7, 11, -12, -10, -9], [8, -6, -12], [-7, 2, 9], [8, -4, -10], [11, -3, 6, -5], [1, 2, 7, -11, -10], [10, -12, -1], [10, -11, -9], [-5, 12, -10, 7], [1, -6, 4, -10], [-6, 3, -4, -1], [-5, 4, -2], [-10, -9, -4, -3, -1], [8, 3, -10, -1], [4, 5, 8, 12, -3, -2], [1, 11, -12, 7], [-10, -2, -8, -6, 11, -1], [-7, -4, -11, 9], [4, 5, 6, 7, 9, 11], [10, 3, -9], [-6, -2, 7], [3, 4, 5, 6, -12, -10, -9, -1], [1, 2, -5, 11, 12, -4], [8, 9, 5], [-5, -11], [-12, 5, 6, -9, -7, 11], [-8, 3, -5]]",0.8984375,0.4091796875,0.4091796875,0.8984375,0.8984375,0.9038461538461539,0.380859375,T-,T+,T+,0.9144873657653733,0.6840066872142337,1368.6456063342966,5057.531709158035,219,181,219,181
"[[6, 13], [-8, -5, -13, -10]]",11264,5120,0.6875,2,3,"[[-8, -5, -10, -13], [13, 6]]","[[-6, -12, -11], [-13, -11, 6], [11, -4], [1, -5, 7], [-8, 4, 5], [-7, 12, -2], [8, 11, 4], [1, 10, -12, 13], [-7, 2], [9, -11], [1, -11, -9], [9, 11, -1], [8, -7, -4, -9], [-4, -1, 7], [11, -13], [10, 4, -1], [-6, -10]]",1.0,0.69384765625,0.69384765625,1.0,1.0,1.0,0.69384765625,T-,T+,T+,0.9941773442876655,0.8244208720519226,103.07317457564673,3108.117498428543,336,64,336,64
"[[9, -13, -1, -4, -3, 11, 14, 12, -2, -7], [6, -12, -9, 4, -3, -5, -13, -14, -11, -8, -1], [8, 2, 10, -5, -6, -13, 7, 14], [-11, 1, -13, 12, -5, 8, -2, -10, -6, 14, 4], [13, 10, -14, -5, -2, 6, 12, -8, 4, 9], [-11, -3], [14, 6, 13, -1, 7, -12], [-10, 11, 6, 2, -12, 1, -8, 7, -5, -13, -3, 4, 14], [-8]]",5988,10396,0.634521484375,9,8,"[[9, -13, 12, -3], [-3, -11], [-8]]","[[4, 7, 14, -13, -12, -11, -10, -6, -5], [10, 11, 13, -2, -7, -6, -5, -1], [4, 5, 9, 11, 14, -12, -2, -6, -3, -1], [8, 12, 6], [8, -6], [3, 8, -5], [1, -14, 11, -2], [8, 5, -11, -2], [11, 7, 6, -10], [10, 5, 13, 7], [1, 3, -11, 6, -7, 12], [2, 11, 4, 13], [-7, -4, 13, 9], [10, -6, 13, 7], [-7, 5, -10], [-13, -1, -6, -5, 12, -2], [1, -14, -13, -12, -11, 7, 10], [2, -4, 14], [8, 1], [-14, 3, 5], [8, 11, -14, -13, -12, -7, -4, -3, -2], [3, 4, -5, -1, 7, 11, -2], [6, 12, 13, -10, -1, -5, -4, -3, -2], [2, -9], [3, -12, -10, -5, -2, 11, -1], [5, -14, -13, -12, -2, -4, -3, -1]]",0.976318359375,0.526611328125,0.976318359375,0.976318359375,0.976318359375,0.9836816154026767,0.5198974609375,T+,T+,T+,0.9779502113655859,0.7581299928205391,428.7361860838603,4702.921471290274,195,205,195,205
"[[3, -8, -2, 7, 9, 1, 5, 10, 12, -11, 13, -6], [14, -7, -6, -1, 9, 4, 2, 5, -8, -11, -3], [5, -4, -7, -1, 11, 2, -3, 14, 8, 12, -9], [1, -4, -10, -14, 6, -12, -9, -11, -5, -3, 8, -7, -2], [10, 3]]",12270,4114,0.7489013671875,5,9.8,"[[10, 3]]","[[4, 8, 11, -13, -7, -6], [-3, -2, -1], [-14, 2, 6], [2, -11], [9, 11, -3, 14], [8, -13, -9], [-8, -13, 4, 12], [-7, 14, 6], [-8, -6, -9, 7], [8, 12, -4], [1, 5, -7], [11, -9, -1, 7], [-7, 12, -2], [-8, -4, 13], [-13, -11, 6, -5], [11, -12, -9], [1, -14, 3, -11, 9, -5], [3, -10], [1, -3], [-6, -12, -2, 10, -5, -1], [2, 11, 13], [3, -13, -1, -8, -6, -5, 14], [8, 9, 7]]",0.9989013671875,0.77008056640625,0.77008056640625,0.9989013671875,0.9989013671875,0.9985753858330035,0.77117919921875,T-,T+,T+,0.9988152582541459,0.8719669863915951,23.036123657850943,2489.4744733116227,344,56,344,56
"[[7, 14, -6], [6, 8, -2], [-14, -3, 7, -4, -11, -13], [-3, -1, 8, -7, 10, -2], [4, -7, 10, -8, 11, -13, 9, -14, 1, -3], [-13, 14, -6, 8, 12, -9, -4, -3], [1, 4, -10, -7], [4, -13, 3, -7, 10, -8, 6, -11, 9], [5, -7, 12, -10, -4, 8, -11, -6]]",10904,5480,0.66552734375,9,6.333333333333333,"[[1, 3, 4, -10, -7], [-11, -6, 12, -3, -1, 15], [-6, 14, 7], [5, 7, 9, -14, -13, -11, -10, -8, -4, -3], [8, 6, -2], [-7, 5, -15]]","[[-3, -2, -1], [-8, 3, 13], [-6, -4], [-3, 2, -11], [11, -12, -1], [-3, 14, 6], [3, 4, 7], [1, -7, -2], [-8, 9, 10, -7], [8, 13, 5], [-4, 13, 6], [9, 4, -3], [-7, -11, -9], [2, 12], [-7, -6, 11], [8, 3, -5], [5, 6, -11, -2, 12, -4, 14], [-14, 11], [-12, -11, -10], [1, 2, 7, 9, -4], [10, -13, -9]]",0.7763671875,0.6646728515625,0.6646728515625,0.7763671875,0.7763671875,0.9380455868089234,0.50341796875,T-,T+,T+,0.9909708159736793,0.8574538930221224,175.56349346824334,2771.667123893106,347,53,347,53
"[[5, -14], [-3, 14, 6, -4, 10], [-5, 3, 1, 14, -10], [11, 5, 2, -9, -14, 1, 10, -3, -6], [14, 13, -9, -6, 3], [9, -10, 13, -7, 14, 2], [1, -11], [12, -11, -2, 7, -4, 6, 14, 1, -9, 8]]",8048,8336,0.5087890625,8,5.5,"[[1, 2, 3, 8, 11, 14, -13, -12, -10, -9, -5, -4], [6, 7, 9, 10, 11, 14, -12, -2, -8, -5, -4, -3, -1], [5, 12, -11, -2], [3, 11, 13, 14, -9, -7, -6], [1, 2, 3, 6, 12, 13, -7], [-8, 1, -6, -4], [1, -11], [-14, 5], [2, 3, 7, 13, -10, -8, -6, -1], [10, -12, 5, -9]]","[[3, 4, 5, 7, 10, 13, -2], [-3, -2, -1], [10, 11, -5], [8, 2, 6], [3, -4, -1], [-3, -6, 13], [4, -12, -9], [-8, 4, 12], [-8, 13, 6], [10, -13, -1], [8, 9, -6], [8, 3, 12], [9, 13, -11, 7], [2, 12, -9], [-7, 2, 3], [11, -5, -9, 7], [-14, 11, -12, -3], [8, -7, 11], [2, -5, -11], [-7, -4], [-4, -10, 6], [3, 4, 7, 9, -1], [2, 5, -11, 7, -6, -4, 12], [9, -12, 14]]",0.893798828125,0.51483154296875,0.51483154296875,0.893798828125,0.893798828125,0.8954518606024808,0.51666259765625,T-,T+,T+,0.9549014051901111,0.7131325389644316,876.8972735800105,5577.85215972518,272,128,272,128
"[[2, 13, -10, 6, 11, 5, 4, 8, 9], [2, 4, -5, 10, 14], [-12], [-8, 9, -13, 4, 7, -11, 12, -5], [-13, -8, 11, 3]]",7368,9016,0.55029296875,5,5.4,"[[3, 4, 7, -14, -13, -8], [2, 3, 10, 11, 12, -14, -13, -8, -6, -4, -1], [-12]]","[[6, -11, -9, -8, -7, -5, -4, -2], [3, 4, 5, 7, 10, 13, -2], [10, 11, 13, -2, -7, -6, -5, -1], [7, 10, 11, -13, -9, -8, -6, -5, -3, -2], [3, 5, 7, 13, 14, -11, -8, -4, -1], [3, 4, 7, 11, -2, -9, -5, -1], [1, 10, 11, -14, -13, -7, -4, -3, -2], [2, 4, 5, 7, 8, 11, 13, -9, -6, -3, -1], [7, 10, 13, -14, -2, -9, -8, -6, -3, -1], [12, -2, -1], [2, 12], [9, -6, -4], [5, -11, -2], [-4, 12, -9], [11, 5, 6], [-8, 11, -4, 13], [8, 10, 5, -2], [-8, -5, -10, 7], [3, 7, 10, 12, 13], [6, 8, 13, -11, -10, -9, -5, -3], [10, 13, -14, -11, -9, -6, -4, -3], [-7, 4, 12, -2], [9, -5, -11], [2, 4, 5, 6, 8, 13, -14, -10, -7, -3], [1, 2, 4, 5, 6, 10, -8, -7, -3], [8, 2, -4, -11], [-7, 2, 3, -1], [-14, 5, 6, 7, 13], [12, -3, 14], [4, -7, -6, 11, -3], [8, 3, -13], [1, 3, -7]]",0.9521484375,0.57049560546875,0.57049560546875,0.9521484375,0.9521484375,0.9273380576903882,0.61151123046875,T-,T+,T+,0.9948569166910914,0.8158815821384923,100.00213422143987,3579.999317478043,240,160,240,160
"[[-3, 12, 10], [-11, -10, 5, 1, -12, 8], [-7], [-1, 10, 11, -9, 14, 13, 12, -4, -5, -3, -7, -2, 8], [9, 11, -2, -10, 14, -1, -4, 5, 7, -8, -3], [3, 7, -12, -11], [7, -11, 8], [-9]]",2424,13960,0.85205078125,8,5.25,"[[3, 4, 6, 7, 9, 13, 14, -12, -11, -10, -8, -5], [-7, -2], [10, 12, -3], [-7, 2], [8, -11], [-9, 7]]","[[3, 4, 6, 7, 13, 14, -10, -8, -5], [3, 5, 8, 10, 11, 12, 13, 14, -6, -2], [2, 6, 10, 12, -14, -13, -8, -4, -1], [2, 5, 6, 14, -13, -12, -11, -10, -8, -4, -3], [1, 2, 7, 10, -13, -12, -11, -4], [2, 4, 7, 12, -14, -13, -8, -5, -3, -1], [3, 5, 7, 13, 14, -11, -8, -4, -1], [2, 4, 6, 12, -14, -13, -11, -10, -5, -3], [2, 4, 11, 12, 13, 14, -8, -3], [2, 6, 9, 10, -11, -5, -4, -3, -1], [1, 5, 11, 13, 14, -10, -8, -6, -4, -3], [9, -5, 7], [9, 11, -1], [6, 9, -14, -10, -2], [10, 3, 4, 7], [3, 7, 8, 11, -13], [11, -14, -12, -3, -1], [6, 7, -12, -8, -4], [9, -6, -13, -12], [8, 9, 3, -5], [7, 14, -12, -11, -5], [-14, 3, 5, 6, -4, -1], [1, 5, 6, 11, 12, -14, -10, -8, -3], [2, 4, -11, 9, 13], [-8, 9, -5, -10], [1, 3, 5, 12, 13, -14, -11, -9, -2], [9, -6, -4, 7]]",0.984130859375,0.6495361328125,0.984130859375,0.984130859375,0.984130859375,0.9772016914874058,0.6639404296875,T+,T+,T+,0.9929828383363226,0.8618360800033339,136.44172190038213,2686.4598611759184,100,300,100,300
"[[-12, 8, -14], [-10, -8, 11, 13, -14, -7, 6], [5, 4, 9, -7, 14, 10, -11, -3, 6, -8, 2, -1], [8, 14, 11, 2, 3, -12, -5, 10, 1, 4], [10, -1, -2, -13, 3, 9, 4, 12, 6, -14], [8], [9, -1, 7, -8, 10, -3, 13, 2, 6, 11, 4, -12], [2, -9, 13, 14, -12, -4, -7, -3, 8, -11, 1]]",8048,8336,0.5087890625,8,8.25,"[[11, -14, -12, -3, -2], [8]]","[[1, 5, 13, -12, -10, -7, -6, -3, -2], [4, 7, 14, -13, -12, -11, -10, -6, -5], [3, 4, 5, 7, 10, 13, -2], [10, 11, 13, -2, -7, -6, -5, -1], [-8, 12], [-3, -11, 6], [2, 13], [-1, -3, -2, -9], [3, 5, 7, -14, -2], [1, 11, -4, -3], [11, -14, 3], [11, 3, -1, -9], [2, -6, 3], [2, -6, 11, -1], [1, 2, -5, -11], [9, -6, -4], [4, 5, 11, 14, -12, -1, -3, -2], [-8, -12], [-7, -4, 14], [1, 3, 4, 5, -13, -11, -10, -2], [1, 2, -13, -12, 7, 8, 10]]",0.9775390625,0.6192626953125,0.6192626953125,0.9775390625,0.9775390625,0.9872433725333865,0.6124267578125,T-,T+,T+,0.9943998811840234,0.7802758404457638,108.88873460813832,4272.317513771409,235,165,235,165
"[[-3, -1, -12, -9, 14, -10, -7], [1], [-13, 11, 6, 5, -8, -14, 9, 10, -3, -12], [6, 5, 9, 1, -12, 2, 7, -14, -11, 13, 4], [2, -11, -10], [4, -9, 11, 12, 1, 14, 8, 6, -7, 5]]",7064,9320,0.56884765625,6,7,"[[2, -11, -10], [1]]","[[2, 13, -12, -11, -9, -7, -5], [2, 5, 7, 9, 14, -11, -6, -4], [-3, -2, -1], [-6, 13, 7], [-8, 5, 6, -2], [-8, 11, -3], [5, 13, -12, -11], [8, 10, 3], [8, -14, 12, 6], [4, 9, -6, 11, -7], [8, -13, -9], [-7, -4, -9], [9, -6, 12, -2], [3, -10, 9, -6, 12, 14], [4, 11, 12, 14, -3], [1, -12, 6, 9, 10, -5, 13], [2, -14, -1], [1, -12, 6, -8, 9, 10, 13], [5, 14, -1], [11, 10, -5, 13], [9, -1], [14, -13, -12, -11, -10, -6, -5, -3], [2, 9, 12, 13, 14, -11, -8, -7, -5], [-11, -9, -8, -7, 12, 13, -2], [3, 4, 7], [11, 3, -1], [1, -14, 5, -10, 7, 9]]",0.99365234375,0.5499267578125,0.5499267578125,0.99365234375,0.99365234375,0.9888035126234906,0.5560302734375,T-,T+,T+,0.9980849728617663,0.8350390201020927,37.23579600268731,3207.502010413925,245,155,245,155
"[[10, 5, 4, -8], [12]]",7680,8704,0.53125,2,2.5,"[[-8, 9, 3, 5], [4, 5, 10, -8, -6, -3], [12]]","[[5, 9, 10, 11, -2, -3, -1], [2, 6, 11, -9, -5, -3, -1], [2, 3, 9, -11, -10, -7, -6, -5], [3, 4, 5, 6, 7, 10, 11], [5, 6, 9, -11, -7, -4, -3], [5, 6, 8, 10, 11, -9, -4, -1], [2, 3, 4, 9, -11, -10, -8, -5], [3, 4, 10, 11, -9, -5], [-10, -9, -4, -3, -1], [11, -2, 7], [-11, -9], [-8, -7, 3], [1, -6, 5, -10], [1, 3, 8, 10, -6, -5], [2, -5, -10, -1], [8, -7, 4, -10], [9, -11, 6, -2], [1, 5, 8, -7, 10, 11, -4], [8, 9, -6, -1], [-10, -7, -6, 11, -2], [-8, -4, 6], [1, 2, 4, -10, -9, -7, -3], [-12]]",0.9609375,0.587158203125,0.587158203125,0.9609375,0.9609375,0.9730299199325748,0.579345703125,T-,T+,T+,0.9868373683750942,0.7475254633427528,210.67036587594046,4040.9018901128084,225,175,225,175
"[[-7, -4, 5, -14, -9, -6], [-5, 6, 4, 9, 12, 1, 8], [-7, -11, 1, 3, -10, -5, 9]]",15880,504,0.96923828125,3,6.666666666666667,"[[-14, 12, 15], [1, 2, 4, 6, 7, 8, 9, 11, 13, -15, -5], [5, -15, -13, -11, -9, -8, -7, -6, -4, -2]]","[[9, -6, -4], [-12, -9], [8, 12, -9], [9, 4, -3], [-8, -2, 6], [-7, 2, 13], [-8, 2, -13], [8, 3, -13], [1, -7, 9], [11, 12, -3], [-12, -10, 14], [-14, 11], [-7, 10, 2], [-4, -11, 7], [3, 13], [-2, -1]]",0.745361328125,0.9600830078125,0.9600830078125,0.745361328125,0.745361328125,0.9731455706566235,0.7454833984375,T-,T+,T+,0.9934026696050643,0.9822230807089518,128.27852088546794,345.6544959922757,398,2,398,2
"[[-4, -10, 13, -1, -2, 6], [-10, -7, 4, 8, -12, 11, -13, 5, -14, -2, 9], [12, 8, 11, 7], [-7, -13, -10, 1, -8, 2, 12, -3, -6, 4, 14], [-11, -10, -4, 13, 3], [10, -12, -11, 9, 8, -13, 14, 3, -2], [-2, 1, 7, 8, -10, -4, -14, 3, -13, -11, -9], [13], [-3, -11, -2, 1, -10, -13]]",7368,9016,0.55029296875,9,7.111111111111111,"[[8, 11, 12, 7], [1, 14, -12, -3, -2], [13]]","[[1, 2, 3, 4, 12, -9, -6, -5], [2, 6, 9, 10, -11, -5, -4, -3, -1], [2, 7, 11, 12, -14, -9, -6, -1], [-14, -13], [4, -1, -2, 7], [-8, -5, -3, 7], [8, -7, 2, 12], [3, 9, -6, -5, -1], [-12, -1, -6, -3, -2], [-12, -10, 7], [8, -14, -10, 6], [8, -7, -14, -5], [6, 10, 11, -14, -9, -8, -3, -2], [-12, -10, -1, 8, 9, 11, 14], [1, -14, 3, 4, -6, 11, -2], [-8, 9, 4, -3], [6, 11, 14, -12, -10, -5, -4, -2], [2, 3, -10, -9], [1, -12, -11, 8, -6, -3, 14], [6, -9, -8, -5, -4, -2], [2, -9, 4, -12, 7, 10, 14], [1, -4, 7], [6, 9, 10, 14, -12, -1, -8, -7, -5, -2], [8, 3, -4], [2, -1, 7, 9, -6, 14], [-11, 5, -7], [-13, 14]]",0.97314453125,0.6024169921875,0.6024169921875,0.97314453125,0.97314453125,0.9750151118275237,0.6058349609375,T-,T+,T+,0.9964191475501012,0.8035658792262744,69.62611060600176,3819.4658984540238,218,182,218,182
"[[13, 2, -9, -3, 14], [11, 10, 13, 4, 9, 12, 5, 8, 2], [-14, 1, 7], [12, -10, -14, -6, 4, 1, 9, -8, 7, 2, -3], [-10, 12, 11, -2, -3, 9, -13, 14, 7, 6], [-6, 9, -11, -2, -3, 10, 4], [10, -14, 4, -8, -9, -2, -11, -13], [13, 11, -12, -2, -6, -7, -9], [14, -12, 11, 4, -13, -2, -7, 8, 9, 6, 5, 1]]",13488,2896,0.8232421875,9,8,"[[8, 11, 13, 14, -9], [4, 9, 10, 13, 14, -12, -11, -8, -6, -5, -3, -2], [1, -14, 7]]","[[-3, -2, -1], [-7, 2], [3, -1, 7], [1, -11, 14], [8, -13, -9], [-8, 13, 6], [-8, 11, -3, 14], [-8, -6, -9, 7], [9, -11, 13], [-3, 5, 6], [-3, -6, -12, 13], [-6, -5, 14], [2, 11, -9], [9, -14, 12, -1], [9, -6, -13], [2, -4, -11], [2, -5], [-7, -2], [10, 13], [8, 3]]",0.936767578125,0.82965087890625,0.82965087890625,0.936767578125,0.936767578125,0.9506855214988156,0.85028076171875,T-,T+,T+,0.9886782685713711,0.9218444992471702,220.1397951271179,1519.6558964717258,376,24,376,24
"[[7, -12, -3, 8, 13, -11], [-12, 6, -13], [10, 1, 2, 8, -9, -4], [4, 6, -13, 1, -5, -10, -11, 3, -9, -8], [6], [8, 12, 1, -4, 9, 13, -2, -11]]",7908,8476,0.517333984375,6,5.666666666666667,"[[8, 9, 13, -12, -3], [1, 5, 8, 11, -12, -9, -7, -6, -4], [6]]","[[2, 10, 11, 12, 13, -9, -7, -5], [1, 3, 10, 13, -11, -9, -2], [2, 10, -13, -12, -9, -7, -4, -3], [4, 10, 12, -13, -11, -7, -5, -2], [2, 7, 9, 10, 11, -12, -1], [1, 3, 4, 5, 9, -11, -7], [2, 11, 12, -8, -5, -4, -3], [2, 4, -13, -11, -9, -7], [-8, 1, 13], [2, 9, 11, -13, -4], [11, -2, -5], [-7, 12, 5], [2, 3, -10], [10, 4, -11, 7], [1, 2, 13], [3, 4, -9], [-5, 1, -9, 7], [-4, 13, -10, 7], [11, 9, -13, -12], [1, 4, 6, 9, -13, -10, -5, -2], [6, 8, 13, -9, -7, -5, -4, -3, -1], [-8, 10, 13, -2], [11, -2, -10], [-11, -10, 8, -4, -3, -2], [-8, 12, -1, 7], [-6, 12], [-6, -12]]",0.973876953125,0.6026611328125,0.6026611328125,0.973876953125,0.973876953125,0.9785207700101317,0.6024169921875,T-,T+,T+,0.9950977151077379,0.7917932683733837,86.7806876249429,3685.694270281788,249,151,249,151
"[[-10, 3, 8], [1, -9, 8, 12, -7, 5, -11, -3, 13, 6, -14, 4, -10], [-10, -13, -6, -4], [-14, 10, 2, -5, -7, -4, -12], [-2, 5, 7, 6, 11, 12, 10, 9]]",13374,3010,0.8162841796875,5,7,"[[2, 6, 9, 10, 13, -14, -12, -7, -5, -4], [-6, -13, -4, -10], [5, 6, 7, 9, 10, 11, 12, -14, -13, -1, -4, -2], [8, 3, -10]]","[[-3, -2, -1], [3, -1, 7], [2, -14, -5], [-8, -4, -2], [11, 5, 14, -1], [10, -13, -4], [-8, 3, 13], [13, 5, -10], [-7, -5, -9], [9, 4, -3], [-14, 3, 5], [-8, -13, -12], [1, -7, 9], [-11, 6], [-6, -11, 7], [8, -14, -5, 12], [10, 13], [11, -9], [4, 9, -6, 11, -7], [8, -13, -9]]",0.9893798828125,0.81707763671875,0.81707763671875,0.9893798828125,0.9893798828125,0.9873128273216788,0.82745361328125,T-,T+,T+,0.992301129219497,0.9248563826837102,149.69687693212916,1461.092821835448,367,33,367,33
"[[-10, -7, -4, 11], [-1, 4], [-2, -4, -3, 13, -10], [4, -11, 9], [2, 1, 5, -8, 12, 4, -3, 6, 7, 11], [-11, 7, 8, -1, -6, -12, -10], [-5, -11, 14, 10, -7, -6, 8, -1, -3], [-9, 10, 7, 4, -1, 5, 11, 14]]",9768,6616,0.59619140625,8,6,"[[9, 4, -11], [-3, 13, -2, -10], [4, -1], [-7, 11, -4, -10]]","[[4, 8, 11, -13, -7, -6], [10, -4], [2, -11, -10], [1, -12, 14], [12, 5, -2], [-12, -3, -9], [9, -6, -5], [8, 3, 7], [-8, -6, -9, 7], [1, 2, 3], [-11, -4, 5, 14], [-8, 10, -13], [11, 12, -9, 7], [-6, 13, -2], [-7, -5, -2], [1, -6, 5], [8, -7, -9], [-3, -10, 6], [13, 5, -2, 7], [9, 12, -1, -2], [-5, -10, 14], [2, -11, -9, -8, -7], [8, -5, -12, 13], [11, -3, 6], [2, 3, 5, -11, 9, 13, -1], [-14, 11, 6], [2, 4, 7, -8, -6, 13], [-7, 12, 14]]",0.98291015625,0.61505126953125,0.61505126953125,0.98291015625,0.98291015625,0.9912746966201986,0.60858154296875,T-,T+,T+,0.9899829987337458,0.7806096294370615,194.77061617670745,4265.827319173246,295,105,295,105
"[[-10, -1, -14, 11, 12, -7, -5, -4, -3], [-5, -6, 4, 10, 13, -3, -2, -7, 12, 8, 14, 9, 1], [-5, 4, 11, 9, -6, -12, -2], [14, 10, -7, -9, -6, -5, -3, -13, -2, -1]]",16206,178,0.9891357421875,4,9.75,"[[4, 7, 8, 9, 10, 11, 13, -12, -2, -6, -5, -1]]","[[-12, -9], [3, 12, 13], [1, -11, 14], [-7, -13, 12], [-3, 2, 13], [-7, 11, 13], [1, -5, -3], [-6, 11, 4], [2, -13], [-5, -4, -2], [11, -9, 7], [3, -5], [5, -2], [9, 6], [-11, -1]]",0.9893798828125,0.9871826171875,0.9871826171875,0.9893798828125,0.9893798828125,0.9893564962074871,0.997802734375,T-,T+,T+,0.9968693908002729,0.9836230930982971,60.87157889192635,318.4326490063509,399,1,399,1
"[[13], [-7, 1, 14, -11, -12, -9, -4, 13, -10, 3, -8, 5, -2], [-3, -9, -5, -1, 2, -8, -14, -7], [12, 3, 8, -1, -2, -9, -6, 7, -13, -4, 14], [-1, -6, -9, -8, -2], [10, -13], [-13, -3, -5, 11, -14, -6, 8, 2, -4, -10], [7, 14, 8, 4, 3, -12], [12, 2, -11, -13, 7, 4, -1, 14, -9, -10, -8]]",3860,12524,0.764404296875,9,7.444444444444445,"[[2, 13], [8, -12, -11, -9], [13, -2], [10, -13], [4, 5, 7, 12, 14, -13, -10, -8, -6, -3]]","[[6, -11, -9, -8, -7, -5, -4, -2], [4, 8, 11, -13, -7, -6], [2, 6, 7, 8, 9, 11, 12, -14, -5, -4, -3], [3, 8, 12, -14, -9, -7, -5, -4], [2, 5, 7, 9, 14, -11, -6, -4], [3, 7, 9, 14, -8, -6, -5, -4, -1], [1, 2, 3, 4, 12, -9, -6, -5], [2, 3, 4, 6, 8, -14, -7, -5, -1], [2, 7, 11, 12, -14, -9, -6, -1], [8, -13, -10], [-12, 14, -10], [3, 5, 7, -14, -9], [2, 14, -11, -9, -6], [8, 11, -13, -12, -3], [9, -13, 5, -7], [1, 6, 7, -14, -13], [1, 8, -14, -7, -5, -2], [4, 7, -9, -5, -1], [-11, -10, -8, -6, -4], [5, 8, 9, 11, 14, -12, -6, -2], [1, -14, 3, 4, -6, 11], [6, -14, -13, -12, -9, -7, -5, -4, -2], [-8, 4, -3, -1], [-7, 5, -11, -2], [1, 2, 8, 9, 13, -7, -6, -5, -3], [1, 3, 7, 8, 9, -4, 13], [2, 4, 8, 9, 12, 14, -11, -7, -3], [-14, 6, -10], [1, 2, 5, 6, -12, -7, -4, -3], [-13, 12, 14]]",0.9713134765625,0.580322265625,0.9713134765625,0.9713134765625,0.9713134765625,0.9793169282986848,0.575439453125,T+,T+,T+,0.9833029877917213,0.823403488141004,324.6567779792839,3433.7433444586513,135,265,135,265
"[[-5, -8, 10], [5, -10, 13, 12, -4, 6, 14, -7, -2, 11, 9]]",14328,2056,0.87451171875,2,7,"[[5, 6, 8, 9, 11, 12, 13, 14, -10, -2, -7, -4, -1], [-8, 10, -5]]","[[-6, -4], [6, 14, 7], [3, 13], [11, 8, -13], [2, 12, -9], [-8, -3, -2, 6], [1, 5, -7], [11, -9, 7], [11, -14, 10, -13], [12, -3, 14], [-7, -11, 6], [2, -6, 13], [-14, 2, 6], [-6, 4, -1], [8, -11], [-12, -1], [14, -10], [-14, 12, -2]]",0.9996337890625,0.871337890625,0.871337890625,0.9996337890625,0.9996337890625,0.9995798907716006,0.8717041015625,T-,T+,T+,0.9957945035656924,0.9216254240970513,81.7716909549038,1523.9155946432131,370,30,370,30
"[[-1, 3, -4, 5, -2, 12, 14], [6, -10, 1, 11, 12, -2, -8]]",16128,256,0.984375,2,7,"[[3, 5, 9, 12, 14, -13, -2, -10, -8, -7, -6, -4, -1]]","[[-3, -2, -1], [-12, -9], [3, 12, 13], [1, -11, 14], [-3, 2, 13], [1, -5, -3], [13, -1, 7], [2, -13], [-12, -10, 14], [3, -5], [5, -2], [9, 6]]",0.9844970703125,0.98046875,0.98046875,0.9844970703125,0.9844970703125,0.9844343669567349,0.9959716796875,T-,T+,T+,0.9967665313293437,0.9860739978706193,62.87157889192635,270.7772459563562,399,1,399,1
"[[12, 9, 5, -1, -7, 6, 4, 2, 10, 3, -11, 14, -8], [-12, 2, -6], [-13, -7, -5, 4, -3, -2, 11, -6, -9, -10, 12, 1], [14, -10, -8, -2, -6, -7, -3, -1], [-4, -12, 14, -6, 13, -8, 1, -7, -10], [2, -9, -10, 7, -5, 13, 3, -14, -6, -1, -4, 12, 8], [-5, -12, -2, -13, -11]]",13740,2644,0.838623046875,7,9,"[[2, -6, -12], [4, 7, -13, -12, -11, -5]]","[[-3, -2, -1], [-8, -7, 6], [8, -9], [12, 14], [-5, 13, 7], [1, 5, -7], [-8, 2, 4], [-7, 3, 13], [8, 9, -5], [-14, 11, -1], [1, 11, -4, -3], [11, -2, -5], [-14, 3, 7], [-7, -11, -10], [-6, 12, 13], [9, -12, 14], [-4, -11], [5, -2], [-6, -13]]",0.967529296875,0.8369140625,0.8369140625,0.967529296875,0.967529296875,0.966846132048739,0.861572265625,T-,T+,T+,0.9969413459351494,0.9205183133968095,59.47248293651653,1545.4422599126249,373,27,373,27
"[[-10, -13, -14, -8, 1, -9], [4], [3, -7, -4, 13, 1, -10], [12], [-4, -1, 13, 10, -3], [5, 11, 7, 9, 2, -13], [5, 4, 12, -14, -6, -9, -11, 3, 13, -10]]",3584,12800,0.78125,7,5,"[[-3, -2, -1], [2, 12], [-12, 4, -9], [-4, 12, -2], [9, 4, 6], [4, -11, -10, 14], [-3, -12, 13, -1], [11, 4], [-14, 4], [12, 14], [4, 13]]","[[2, 13, -12, -11, -9, -7, -5], [5, 8, 9, 11, 14, -12, -10, -7, -1], [8, 11, -14, -13, -12, -9, -6, -3, -2], [2, 6, 11, 13, -14, -9, -8, -4, -1], [2, 3, 5, 6, 9, 13, -14, -11, -1], [3, 5, 7, 8, 9, 11, -14, -13, -10], [10, 11, 13, -2, -7, -6, -5, -1], [7, 10, 11, -13, -9, -8, -6, -5, -3, -2], [3, 7, 8, 9, 13, -14, -12, -11, -1], [3, 6, 7, 9, 11, -14, -12, -10, -1], [1, 2, 3, 13, -8, -7, -5], [2, 8, 10, -14, -13, -11, -9, -5, -4], [5, 7, 8, 9, 13, -11, -2, -1], [-8, -3, -2, 6], [-7, 2, 3, -1], [1, 2, 5, -9], [8, 13, -12, -5, -3], [2, -13, -12], [-8, 3, -12, 5], [-7, 13, -1, -9], [3, -4, 14, 7], [11, -14, -13, -7, -4], [-11, -8, -5, -4, -2], [1, -3, -4, 5], [-4, -11, 6, -1], [2, 7, 10, 14, -11, -8, -5, -3], [1, -6, -12, -10], [8, 9, -5, 3], [1, -14, -11, -7, -3, -2], [-12, -4], [1, 2, 3, 4, 5, -13, -8, -7], [9, -6, -4]]",0.94970703125,0.53106689453125,0.94970703125,0.94970703125,0.94970703125,0.9650490022434762,0.51690673828125,T+,T+,T+,0.9560681791941723,0.7888846402829541,854.2105147717098,4104.927972304521,145,255,145,255
"[[-8, 12, -10, 7, -4, 9, 14, -11, -3, -1, 2], [9, -2, 13, -8, -5, 11], [-8, 3, 11, 9, 4, 1, 14, 5, 2, 6], [6], [8, 2, 11, -6, -5, -3, 10, 1, 13, 14, -9], [6, 13, -14], [1, -11, -7, 5, -13, -12, -10, 14, -6, -9, -8, 3, -4], [4, 11, 12, 13, 6, 2, 14, -7, 9], [-13, 7, 14, -5]]",7539,8845,0.53985595703125,9,7.555555555555555,"[[-13, 14, 7], [4, 10, 11, 13, 14, -1, -8, -7, -6, -5, -2], [6]]","[[2, 13, -12, -11, -9, -7, -5], [3, 8, 12, -14, -9, -7, -5, -4], [1, 2, 7, 10, -13, -12, -11, -4], [1, 4, 5, 10, -13, -12, -11, -9, -8, -7], [2, 3, 4, 7, 8, 10, 14, -12, -9], [8, 11, -14, -13, -12, -9, -7, -4, -3], [1, 4, 8, 11, 12, -14, -7, -5, -2], [2, 3, 4, 10, 11, -14, -13, -9, -7, -1], [1, 2, 3, 13, -8, -7, -5], [2, 8, 10, -14, -13, -11, -9, -5, -4], [-6, -4], [-8, 10, -5, -3], [9, 10, 12, 14, -3], [3, 11, -12, -10, -9], [-6, 10, 3], [1, -12, -10, 14], [10, -12, -11, -1], [-7, -6], [4, 7, -2, -9, -1], [11, -7, -4, -3, -2], [1, 3, 5, 12, 14, -11, -4, -2], [8, 9, -5], [-14, 3, -13, 5, -10, 7, 11], [4, 5, 8, 10, -13, -9, -7, -1], [-6, -9], [-7, -10, 14], [2, 3, 5, 9, 11, -14, -13, -12, -8, -1], [5, 8, 12, -11, -9, -7, -4, -2], [4, -3, -1], [3, 4, -11, -9, -8, -7, -2], [2, 12, 13], [1, 3, 4, 5, 10, -2], [13, -1, 7]]",0.96026611328125,0.61907958984375,0.61907958984375,0.96026611328125,0.96026611328125,0.9827095199349064,0.60009765625,T-,T+,T+,0.9820207532688492,0.787644366180454,349.58855161738705,4129.043867346463,231,169,231,169
"[[-8, -7, -12, -4, 10, -1, -5], [-1], [2, 1, 5], [-2, 7, -13, 6, 4, -10, 3], [2, -12, -5, 8, -10, -14, -3, 7, 11, 13], [5, -3, -4, -13, -6], [11, 4, 9, 8, 6, -3, 7, 13, -14], [6, 2, 13, -3, 4]]",5810,10574,0.6453857421875,8,5.875,"[[-6, 10, -12, 5], [-3, 2, 4, 13], [5, -13, -3, 14], [2, 5], [-11, -1], [11, -1]]","[[6, -11, -9, -8, -7, -5, -4, -2], [4, 8, 11, -13, -7, -6], [5, 6, 10, 11, -14, -9, -8, -7, -3, -2], [3, 8, 12, -14, -9, -7, -5, -4], [4, 7, 14, -13, -12, -11, -10, -6, -5], [2, 6, 12, 14, -13, -9, -7, -4], [3, 5, 7, 8, 9, 11, -14, -13, -10], [3, 8, 12, 14, -13, -10, -7, -6, -4], [6, 9, 11, 14, -12, -10, -8, -5, -3, -2], [3, 7, 8, 9, 10, 11, 12, 13, -5, -4], [1, 5, 6, 9, 11, 13, -7, -4, -3], [1, -5, -11], [2, -5, 12], [-6, -4, 13], [1, -13, -12], [-11, 12, 5, -2], [10, 14, -13, -5, -4], [-7, -11, -10, 14], [1, 2, -12, -10, -9], [5, 11, 12, -6, -2], [6, -14, -10, -3, -2], [8, 11, -3, -9], [4, 6, 12, -11, -7], [-8, 1, 3, -4], [1, 7, 8, -10, -4], [7, -8, -6, -5, -3], [2, 8, -13, -11, -5], [8, 10, -12, 14], [6, -9, 8, 10, 12], [2, -13, -7, -6, -3], [5, 6, 9, 10, -14, -12, -8, -4], [-7, 2, -5, 13], [3, 4, 13], [2, -8, 11, 12, -3, 14], [-9, -12, 5, 6, -11, 8, -3], [1, -2]]",0.9603271484375,0.549072265625,0.9603271484375,0.9603271484375,0.9603271484375,0.9853454291695743,0.5247802734375,T+,T+,T+,0.9885988084992168,0.7827268479193663,221.68481711558934,4224.660113797277,187,213,187,213
"[[3, -4, 10, -1], [-6, -14, 2, -5, -7, 12, -8, -11, 13, 3]]",15346,1038,0.9366455078125,2,7,"[[10, 3, -4, -1]]","[[-3, -2, -1], [-14, 2, 6], [1, -11, 14], [-6, 13], [-8, -7, 6], [3, 7], [2, -5, 13], [-3, 5, 6], [1, -14, 11, -2], [-7, -11, -2], [8, 9, -5], [-14, -5, -4, -9], [9, 11, -3, 14], [1, 2, 12], [2, -4, -11], [-6, -13], [-13, -9], [11, -1]]",0.9991455078125,0.9300537109375,0.9300537109375,0.9991455078125,0.9991455078125,0.9990820875950694,0.930908203125,T-,T+,T+,0.9983501074571492,0.9481303810126503,32.0805177772094,1008.5530971281486,387,13,387,13
"[[5, -7, 13, 14, 6, -8, -1, -12, -2, 3, -11], [10, -13, -12, -4, 9, 6, 11, -7, 2, -14, -8, -5, -1], [-13]]",8184,8200,0.50048828125,3,8.333333333333334,"[[3, 6, 10, 13, 14, -12, -11, -1, -8, -4, -2], [-13]]","[[3, 8, 12, -14, -9, -7, -5, -4], [2, 3, 4, 7, 8, 10, 14, -12, -9], [3, 7, 9, 14, -8, -6, -5, -4, -1], [1, 2, 3, 4, 12, -9, -6, -5], [3, 6, 7, 9, 11, -14, -12, -10, -1], [1, 8, 9, -14, -11, -7, -5, -2], [13, -3], [3, 13], [2, -10, -9], [1, 2, -7, 9], [-6, 2, -11, 14], [2, -14, 11, 12], [10, -6, 11, -2], [8, -7, 2, 6], [-3, 5, -2, -9], [14, -12, -8, -5, -3], [-8, -4, -11, -2], [1, 3, 5, 8, 9, 12, 14], [1, 5, 6, 10, 12, -13, -11, -8, -2], [5, 8, 9, 11, -13, -12, -10, -1], [3, 8, 9, -13, -12, -11, -10, -6, -5, -1], [2, -11, 6, 9, 12, -3, -1], [10, -5, -12, -4], [1, 6, 7, 8, 11, -14, -10, -9], [6, 8, 9, 12, -14, -10, -5, -4], [1, -14, 3, 5, -7, -6, 11], [1, -14, -5, 8, -7, 11, 12], [2, 9, 11, 12, 14, -8, -6, -3], [4, -1, -2]]",0.999267578125,0.67645263671875,0.67645263671875,0.999267578125,0.999267578125,0.9994586303347469,0.67645263671875,T-,T+,T+,0.9965078527540188,0.8417413595358348,67.9013262353204,3077.1816933213063,250,150,250,150
"[[6, 2, 3], [-8], [-9, 3, 11, -14, -7, 2, -4, 10], [-12, -3, -4, -14, -10, -7, 13], [-2, 14, 11, 1, -4, 10, -3, 13, -8, 9], [-1, 13, 3, 2, -6, -10, -5, -11, -4, -9, -7, -12], [1, -8], [-1, 2, 9, 12, -5, -3, 10, 11, -4, -14]]",7078,9306,0.5679931640625,8,6.625,"[[2, 3, 6], [-8]]","[[1, 2, 3, 4, 12, -9, -6, -5], [3, 11, 13, -12, -10, -9, -7, -5, -4, -1], [3, 4, 7, 11, -2, -9, -5, -1], [3, 6, 7, 9, 11, -14, -12, -10, -1], [2, 3, 4, 10, 11, -14, -13, -9, -7, -1], [-14, 5, -2, 7], [2, 4, 9, 13, -14], [10, -6, -4, -1], [-3, -5, -11, 6], [-6, -11, 14], [2, 13, 4, -12], [10, 4, 13, 7], [10, 11, 13, -6, -2], [6, 13, -9, -5, -3], [2, -5, -12, 13], [-7, 4, 5, -2], [2, -9, 7, -8, -6, -1], [2, -13, -12, -11, 3, 7, 10], [1, -4, -3], [-6, 5, -10], [4, 5, 9, 11, -12, -8, -6, -3, -1], [-7, 12, 14], [-12, -11, 6, 9, -4, 13], [8]]",0.9945068359375,0.58941650390625,0.58941650390625,0.9945068359375,0.9945068359375,0.9907663896583564,0.59490966796875,T-,T+,T+,0.9980849728617663,0.7898255363895049,37.23579600268731,4086.63318431757,222,178,222,178
"[[12, -3, -2, 11, 1, 4, -5, -14], [10, -12, 14, 7, -4, -13, -1, 6]]",16256,128,0.9921875,2,8,nan,nan,nan,nan,nan,nan,nan,nan,nan,nan,nan,nan,nan,nan,nan,nan,400,0,400,0
"[[3, 1], [2, 9, -14, -12, 1, 11, 3, 4, -5, -8, -10], [14, 9, 10], [3, 8, -14, -1, 10, -11, -5, -2, 9], [4, 10, -9, -7, 2, -11, -12, -13], [1, 12]]",8880,7504,0.5419921875,6,5.833333333333333,"[[1, 3], [1, 12], [3, 4, 7, 8, -14, -13, -12, -11, -1, -5, -2], [9, 10, 14]]","[[4, 8, 11, -13, -7, -6], [2, -14, -1], [-12, -9], [2, -4, -11], [-7, 13, -10], [-7, -13, -4], [4, 5, 7, 11, -9], [-6, 10, 13], [-5, -11], [9, -14, -12], [-8, 11, -3], [-11, 5, 6, -2], [-8, 2, 10, -13], [-13, -9, 8, 10, 12], [-7, 12, -9], [-3, 6], [3, 4, 5, 10, -2], [-2, -1], [1, -13, -12, -2, -8, -6, 14], [8, 9, -10], [3, 9, 14, -13, -8, -6, -4, -1], [-5, 13, 7]]",0.994873046875,0.572021484375,0.572021484375,0.994873046875,0.994873046875,0.9917407878017789,0.576416015625,T-,T+,T+,0.9945578582639727,0.7731398283973568,105.81702757869526,4411.070163069256,297,103,297,103
"[[7, -2, -1, 8, 14, 5], [3, -1], [8, -7, 4, 13, -1, -6, -11, 9, -14], [13, 10, 12, 9, 7, 5, -3, -6, 11], [-11, 9, 5, -2, 7, 6, -10, -3, -13, 12]]",12100,4284,0.738525390625,5,7.2,"[[5, 6, 7, 9, 12, -14, -13, -11, -10, -3, -2], [5, 7, 8, 10, 13, 14, -11, -9, -6, -4, -3, -2], [3, -1]]","[[-3, -1, -2], [2, -3], [1, -11, 14], [-14, 11, -9], [1, 2, 3], [-6, 13, -2], [-8, 9, 14], [8, -14, -5], [-8, -4, 6], [10, 4, 7], [-8, 1, 10, -7], [-5, 13, 14], [8, -7, 5], [1, -14, 11, -2], [9, 10, -5, -4], [-8, -5, -2, 7], [-11, 13, -9], [-6, -5, 7], [2, -4, -11], [2, 4, 9, 11, 12, -14, -10, -1], [13, -4, 5], [4, -12, 8, -6, 11], [-7, -13, 12], [4, -11, -2, 9, 13, -1], [8, -13, 7]]",0.989013671875,0.749267578125,0.749267578125,0.989013671875,0.989013671875,0.9857051076132348,0.760009765625,T-,T+,T+,0.9935711914212922,0.8532788602882901,125.00178195796826,2852.8464785235083,332,68,332,68
"[[-4, -6, -13, 12, 11, 3, -10, 9, 1, -7, 5], [-3, 13, 5, 14, 12, 1, 9, 2, 11, 6, -8], [-9, 3, -2, -12, 13, -7, 5, -1, 8, -6], [-6, -3, 5, 4, -2, -12, 7, -11, -13, 8, 1, -14, 9], [-14, -6, -3, 11, 1, 5, -12, 10, 4, -13, 7], [14, 6, 12, 7, 9, 5, -8, -4, 11, -3, 10], [11, 7, -9, 14, -6, -3, 10, 2, 13, 4, -5, -1, 12]]",16333,51,0.99688720703125,7,11.428571428571429,nan,nan,nan,nan,nan,nan,nan,nan,nan,nan,nan,nan,nan,nan,nan,nan,400,0,400,0
"[[9, 1, 5, 11, 7, 2, 12, 3, 8, 6, -4, 14], [8, 5, 12, -3, -7], [13, 8, -7, 4, 3, 14, 5, 2, -1, -9], [-5], [-7, -2, 3, -5, -4, 10, -6, 13], [9, -6, 12, -11], [-9, -10, 3, -8, -7, -4, -1, 5, -13, -6, 14, -12], [-7, -6, -11, -10, 14, -12, -5, -2, 4, -13], [8, -11, -12, -10, -5, -9]]",7208,9176,0.56005859375,9,7.555555555555555,"[[8, -7, 12, -3], [9, -6, 12, -11], [-5]]","[[4, 8, 11, -13, -7, -6], [1, 2, 7, 10, -13, -12, -11, -4], [3, 4, 7, 8, 10, 12, 13, -6], [8, 10, 12, -9], [7, 10, -9, -3, -1], [1, 2, -12, -10, -9], [11, 12, -3, 14], [11, -4, 13, -2], [-14, 3, -12, 7], [2, -13, -4, 6], [8, -13, -2, 7], [1, 14, -12, -10, -8, -6, -5, -2], [2, 4, 12, -14, -10, -8, -7, -5, -3, -1], [2, 3, 8, 10, -7, -6, -5, -4, -1], [1, 2, 7, 8, 14, -12, -11, -10, -5], [1, 3, 10, -11, -8, -7, -6, -5, -4], [4, 11, -12, -3, -1], [-6, 10, -4, 13], [-14, 11, -9], [1, 9, 10, -13, -7, -4, -3, -2], [-7, 13, 6], [8, 9, 12, -13, -10, -7, -6, -4], [-14, 4, -11, -8, -6, 12, -2], [3, 14, -9], [5]]",0.99853515625,0.60870361328125,0.60870361328125,0.99853515625,0.99853515625,0.9975992797839351,0.61016845703125,T-,T+,T+,0.9966414231687185,0.8035481281862936,65.3041825111144,3819.811049752595,224,176,224,176
"[[10, 4], [-9, 10], [11, -4, -2]]",8704,7680,0.53125,3,2.3333333333333335,"[[10, -9], [11, -4, -2], [10, 4]]","[[5, 6, 8, 11, -9, -4, -1], [3, 4, 6, -9, -8, -7, -1], [6, -10], [-6, -1, -10], [-4, -11], [9, 5], [8, 3, -5], [-5, -3, -1], [1, -6, -2], [-8, 9, -5], [-7, -6, -9], [11, -3], [-4, 5, 7], [-7, 2, 5], [1, -3], [1, -10]]",1.0,0.568359375,0.568359375,1.0,1.0,1.0,0.568359375,T-,T+,T+,0.9878283573792107,0.775973687412215,174.19091619780758,3206.0872848361932,285,115,285,115
"[[-4, 13], [2, 13, 9, -4, -12, -8, 3, -11, 5, 10], [-14, 7, -1, -9, 12, 11, 4, -5, -13, 3, 10, -8, 6], [12, -14, 5], [-12, 4, -7, -11], [3, -1, -6, -11], [-4, -8, 3, 11, 1]]",8958,7426,0.5467529296875,7,5.857142857142857,"[[-6, 3, -11, -1], [-7, 4, -12, -11], [-14, 12, 5], [-4, 13], [1, 3, 7, 11, -13, -12, -9, -8, -6, -2]]","[[8, 2, 6], [11, -9, 7], [8, 3, -5], [10, 11, 13], [1, -6, -13, 9], [9, -14, -1], [-11, 7], [3, 5, 7], [2, 12, -3], [2, 3, -5], [-7, 4], [-11, 6, -9, -8, -5, -4, -1], [-7, -2, 1], [1, -11, 14], [-12, 5, -10, 8, 9, 11, -7], [-8, 14, -1], [4, 13], [-3, -2], [-13, -4]]",0.9862060546875,0.5592041015625,0.5592041015625,0.9862060546875,0.9862060546875,0.9767392232180965,0.572021484375,T-,T+,T+,0.9930549513105732,0.7601880806761934,135.03955691549277,4662.904002076009,291,109,291,109
"[[-3, 11, 8, -9, -10, 14, 1, -5, 12, -4, 2, -6, 13], [-10, 6, 8, 13, 1, 2, 4, 5, 11, 14, 7, 9], [4, 5, -10, 9], [1]]",7680,8704,0.53125,4,7.5,"[[9, 4, 5, -10], [1]]","[[2, 5, 7, 9, 14, -11, -6, -4], [3, 8, 9, 10, 13, 14, -12, -5], [3, -1], [11, 12, 5, -2], [11, 10, -5, 13], [8, 10, 3, 7], [-14, -13, 5, 7], [2, -12, -9, -7, 10, -5], [2, 3, 4, 9, 10, 12, 14, -8, -5], [3, 4, 10, 12, -9, -8, -7, -2], [-7, -5, -4], [-8, 12, 5, -2], [2, 3, -13, 5, -12, 9, -6], [-13, 4, -12, 7, -6, -5, 14], [13, -11, -10], [3, 4, 6, -10, -8, -5, 14], [4, 9, -6, 11, -7], [3, 5, -10, 9, -6, 12, 14], [1, 5, 6, 9, 10, 13, -12, -8], [2, -3, 6], [4, 5, -12, 10, 13, -2], [2, 5, 6, -8, 12, 14], [8, -13, -9], [1, 3, 4, 6, -9, -5, 12], [-8, 11, -3], [-12, 5, -2, -7, 11, 14], [-6, 13, 7], [-3, -1]]",1.0,0.57720947265625,0.57720947265625,1.0,1.0,1.0,0.57720947265625,T-,T+,T+,0.9978556254732972,0.8099523874322265,41.69522762132461,3695.2866051278443,261,139,261,139
"[[-10, -2, -13, -4, -7, -6, -5, -1], [2, -11, -6, -5, 1, -13, 10, -12, -8, -4, -3], [3, 4, -5, 14, 2, 13, -11, 1]]",16248,136,0.99169921875,3,9,"[[12, 14, -13, -2, -10, -7, -6, -5, -4, -1]]","[[9, -6, -4], [-12, -9], [9, 4, -3], [-8, -2, 6], [8, 3, -13], [1, -7, 9], [-6, -10, 14], [12, -9], [-4, -11], [3, 13], [-7, 11], [-14, 11]]",0.99267578125,0.9755859375,0.9755859375,0.99267578125,0.99267578125,0.992548435171386,0.98291015625,T-,T+,T+,0.9971566239442651,0.9866998938940681,55.28661639120519,258.60732095491386,399,1,399,1
"[[1, 8, 5, -6, 10, -2, -7, -3, 13, 4], [-14, 3, -10, 12, 8, -5], [3, -7, 5, -10, -12], [-12, 6, -14, 10, 4, 9, -11, 3, -1]]",15568,816,0.9501953125,4,7.5,"[[3, 5, -12, -10, -7]]","[[-3, -2, -1], [9, -6, -4], [-12, -9], [-7, -13, 12], [-3, 2, 13], [5, 6, -2], [1, -5, -3], [-6, 11, 4], [13, 5, -10], [2, -13], [11, -9, 7], [3, -5], [3, 13], [9, -10]]",0.9814453125,0.943603515625,0.943603515625,0.9814453125,0.9814453125,0.9810817673946166,0.96142578125,T-,T+,T+,0.998127831838532,0.9764330932090614,36.40244587209676,458.2350381160177,396,4,396,4
"[[-6, -11, -7, -12, 5, 4], [-9, 8, 14], [-6, 9, 1, -14, 13], [-5, -1, -13, 10], [1, -9, -10, 14, -12, 7], [-4, -7, 11, -2], [7, 2, 13], [9, -6, -2, -14]]",9560,6824,0.58349609375,8,4.375,"[[10, -14, -13, -5, -1], [5, 10, -14, -12, -6, -3], [9, 12, -13, -2, -5, -3, -1], [9, -14, -11, -8, -6, -5], [-7, 11, -4, -2], [4, 5, 9, -12, -11, -10, -1, -7, -6, -3, -2], [2, 13, 7], [8, 14, -9], [1, 4, -13, -12, -10, -8, -6, -3]]","[[-3, -2, -1], [-14, 2, 6], [-7, -11], [-8, 9, 14], [4, -2, 7], [8, -13], [-8, -12, -9], [1, 13, -7], [-8, -13, -3], [12, 13], [-4, 5, 14], [8, -11, -3, 13], [-14, 11, -2], [2, -6, 3], [8, 9, -1], [10, -5, 13], [11, -1], [3, -5]]",0.9027099609375,0.585205078125,0.585205078125,0.9027099609375,0.9027099609375,0.8764362403465813,0.6480712890625,T-,T+,T+,0.9770238966561274,0.8029105308900868,446.74745332234966,3832.208494352426,326,74,326,74
"[[4, -5, -2, 14, 10, 8, -11, -1, -13], [12, 14, 10, -11, 9, 6, -4, -8, -13, 2, -3, 7, -1], [13], [8, 7, 10, -11, 14, 2, 4, -13, 6], [-7, -2, 6, -10, -3, 14]]",7998,8386,0.5118408203125,5,7.6,[[13]],"[[6, -11, -9, -8, -7, -5, -4, -2], [2, 3, 4, 7, 8, 10, 14, -12, -9], [1, 2, 3, 4, 12, -9, -6, -5], [2, 7, 11, 12, -14, -9, -6, -1], [-14, -13], [-11, 5, -7], [4, -1, -2, 7], [2, 3, -10, -9], [8, 3, -4], [8, -7, 2, 12], [9, -5, -4, -1], [-14, 11, 5, -2], [-12, -10, 6], [-8, 1, 2, -3], [8, -7, -14, -5], [6, 7, 8, -5, -4], [8, -6, -10, -1], [1, 2, -12, -11, -9, 14], [5, 10, -12, -11, -1, -9, -6, -4, -2], [-8, -5, -3, 7], [1, 3, -11, -10, -9, -6, -4, -2], [9, -6, 5], [13, 4, -5, -8, 11, -3, -1], [-13, 14]]",0.9881591796875,0.62567138671875,0.62567138671875,0.9881591796875,0.9881591796875,0.9814265198659646,0.63751220703125,T-,T+,T+,0.9990570006254174,0.820185873893552,18.335683939709853,3496.306649876853,231,169,231,169
"[[6, 4], [11, 4, 9, -12, 14, -8, -3], [12, 1, -4, -3, -2, 6, -7, -14, 8, -5, -9, 13, -10], [6, 3, 10, -9, -12, -8, 2], [2, 3, -8, -12, 11, -13, -4, 6], [9, 8, 4, 12, 14, -7, 13, -6, -2, 1, 3], [-6, 11, 13, 8, -7, -9, -5, -12, 1], [4, 14, 9, -2, -1, -6, -10], [5, -3]]",8938,7446,0.5455322265625,9,7.333333333333333,"[[1, 3, 4, 8, 11, 13, 14, -12, -10, -9, -7, -6, -5, -2], [4, 6], [-3, 5]]","[[-5, -4], [3, 5], [10, -6, 13], [8, -6, -13], [9, 13, -11], [2, -5, 13], [-8, 12, -3], [8, -4, -9], [11, -1, -9], [3, 12, -9], [10, -13, -2], [6, 11, 14, -12, -10, -1, -5, -3, -2], [-14, 2, -1], [-8, 1, 9], [-14, -9, 4, 5, -12, -11, -7], [-12, 5, -10, -1, -7, 11, 14], [8, 9, -5], [-7, 12, -2], [2, 14, -9], [-12, -11, 7], [3, 6, -10, 9, 11, -2]]",0.98309326171875,0.58355712890625,0.58355712890625,0.98309326171875,0.98309326171875,0.9737701571749336,0.5980224609375,T-,T+,T+,0.9843188289796526,0.7766577417243027,304.90475750409325,4342.667841043622,279,121,279,121
"[[-14, -8, 13, 6, -10, -3, 4, -9, -7, 5, 2], [-9, -13, -8, 4, 5, 1, -14, -7, -3, 10, 12, -11], [6, 2, -10, -5, 3, 14, 4, 11, 1], [-8, 6], [2, 9, -10, 1, 3, -7, 13], [-8, -11, 12, 6, 5, -2, -13, 9, -4, -1], [-3, 1, -7, 10, -6], [5, -6, 11, -10, -13, -7, -9, 12, 1, -4, -2]]",11658,4726,0.7115478515625,8,8.375,"[[1, 10, 13, -7, -6, -3], [1, 2, 4, -14, -8, -3], [-8, 6]]","[[-3, -2, -1], [8, 2, 6], [9, -6, -4], [-6, -9], [1, -11, 14], [-14, 11], [2, -5, -11], [13, -4, 5], [-7, -13, 12], [9, 13, -1], [4, -12, -9], [8, 5, -2], [-7, 2, 13], [12, -3, 14], [3, 4, 13], [11, -1, -5], [1, 2, -13, -4], [-7, -12, -10], [-6, -13], [8, -5]]",0.9722900390625,0.73699951171875,0.73699951171875,0.9722900390625,0.9722900390625,0.9706763872012961,0.75347900390625,T-,T+,T+,0.9955262132807492,0.8319705544106692,86.98832842191484,3267.1652706601876,322,78,322,78
"[[2, -3, 13, 5, 6, 12, -1, -11, -10, 7, 4, 8, 14], [10, 14, -8, 7, 6, 13, 3, 12], [12, -8, -10, 1, -9, -3, 7, 6, -2], [-7], [-4, 3, -9, -2, -6]]",7838,8546,0.5216064453125,5,7.2,"[[1, 3, 6, 7, 10, 12, 13, 14, -9, -8, -4, -2], [10, 11, 12, -6, -4, -2], [3, 7, 11, -14, -13, -12, -9, -8, -6, -4, -2], [-7]]","[[7, -2, -1], [-5, -11, 7], [9, -6, -4], [2, -14, 12], [-8, 11, -3], [11, 3, -10, 7], [9, -13, -5], [-14, -4, -10, 6], [2, -14, 13, -1], [8, -12, -3, -9], [10, 13, -14, -12, -9], [2, 4, 9, 12, 14, -11, -8, -7, -5], [-12, 8, 9, 10, -5, -7, 14], [2, 4, 9, 14, -11, -10, -8, -7, -5], [3, 13, 7], [1, 3, 4, -6, -5, 12], [2, -12, -9], [1, 12, 14, -11, -10, -7, -6, -5], [8, 11, 5, -2], [-8, 12, -3], [-13, -4, -11], [1, 3, 9, 12, 13, 14], [1, 6, -5, 11, 12, 13], [-6, -13, -12], [6, 12, 13, -10, -9, -5, -4, -2], [10, -3, -1], [8, 7]]",0.9752197265625,0.57977294921875,0.57977294921875,0.9752197265625,0.9752197265625,0.9680840111191187,0.59283447265625,T-,T+,T+,0.9921876520345532,0.7683999932594661,151.9033278095966,4503.231538100029,228,172,228,172
"[[-3, 7, 11, -1, 5, 10, -2, 12, 4, -14, 9], [-12, 6, -2, -14, -4, -13, 11], [-4, -9, 12, 6, -5, -13, 7, -14, 1], [-4, -6], [6, -9, 4, 10, -12, -14, 2, -7, 13, 1, 5, -11, -8], [-8, 13, -14, 4, -6, 1], [-7, -8, -4], [10, 2, -1, -8, 12, -14, -3, 6, 7, 9, -4]]",10862,5522,0.6629638671875,8,7.75,"[[1, 2, 3, 4, 9, 12, 13, -14, -11, -8, -6, -5], [-6, -4], [-8, -7, -4]]","[[-8, 9, 4], [8, 3, -5], [3, 5, 7], [-3, 5, 6], [-14, 11], [10, 11, 14], [8, -7, -11, -2], [-5, 4, 7], [2, -11, -1], [1, 2, 3], [2, 12, -3], [8, -6, 4], [12, 6], [-7, -11, 13], [-12, -10, 14], [-3, -2, -1], [10, -9], [2, -13, -12, -14, 7, 10, -4], [1, -11, 14], [13, -1]]",0.9757080078125,0.6724853515625,0.6724853515625,0.9757080078125,0.9757080078125,0.9653812445223489,0.6964111328125,T-,T+,T+,0.9951483115290398,0.7987556091926136,94.33625172533515,3912.996809904416,306,94,306,94
"[[-13, 11, 12, -9, -8, -1, 10], [2, -4, 8, 1], [-7, -3, 14, -10, -9, -12, 5, -2, -4, 8, -13], [-8, 11, -14, 6, 12, 9, 4, -1, 3, -2], [-8, 14, 1, 10, 9, -13, -12, 11, -6, -5, 7]]",15200,1184,0.927734375,5,8.6,"[[8, 1, 2, -4], [6, 10, 11, 12, -13, -9, -8, -3, -1]]","[[-14, 2, 6], [-12, -9], [-8, 6, -2], [-5, -11, 7], [8, 11, 7], [-3, 2, -11], [-7, 11, 13], [8, -14, -5], [-4, -11, -1], [12, -3, 14], [1, -13, -12], [1, -6], [5, -2], [3, 13], [-7, -13], [11, -1]]",0.9921875,0.922607421875,0.922607421875,0.9921875,0.9921875,0.991603253739176,0.930419921875,T-,T+,T+,0.9961260946752974,0.9513754098672133,75.32423197793258,945.4567419700777,387,13,387,13
